# Region      : all 
# Cells       : 64000
# Volume      : 2.000000e-03
# Time        	volAverage(alpha.air)
0             	0.000000e+00
0.05          	6.240463e-04
0.1           	1.124046e-03
0.15          	1.624046e-03
0.2           	2.124046e-03
0.25          	2.624046e-03
0.3           	3.124046e-03
0.35          	3.624046e-03
0.4           	4.124046e-03
0.45          	4.624046e-03
0.5           	5.124046e-03
0.55          	5.624046e-03
0.6           	6.124046e-03
0.65          	6.624046e-03
0.7           	7.124047e-03
0.75          	7.624047e-03
0.8           	8.124047e-03
0.85          	8.624047e-03
0.9           	9.124047e-03
0.95          	9.624047e-03
1             	1.012405e-02
1.05          	1.062405e-02
1.1           	1.112405e-02
1.15          	1.162405e-02
1.2           	1.212405e-02
1.25          	1.262405e-02
1.3           	1.312405e-02
1.35          	1.362405e-02
1.4           	1.412405e-02
1.45          	1.462405e-02
1.5           	1.512405e-02
1.55          	1.562405e-02
1.6           	1.612405e-02
1.65          	1.662405e-02
1.7           	1.712405e-02
1.75          	1.762405e-02
1.8           	1.812405e-02
1.85          	1.862405e-02
1.9           	1.912405e-02
1.95          	1.962405e-02
2             	2.012405e-02
2.05          	2.062405e-02
2.1           	2.112405e-02
2.15          	2.162405e-02
2.2           	2.212405e-02
2.25          	2.262405e-02
2.3           	2.312405e-02
2.35          	2.362405e-02
2.4           	2.412405e-02
2.45          	2.462405e-02
2.5           	2.512405e-02
2.55          	2.562405e-02
2.6           	2.612405e-02
2.65          	2.662405e-02
2.7           	2.712405e-02
2.75          	2.762405e-02
2.8           	2.812405e-02
2.85          	2.862405e-02
2.9           	2.912405e-02
2.95          	2.962405e-02
3             	3.012405e-02
3.05          	3.062405e-02
3.1           	3.112405e-02
3.15          	3.162405e-02
3.2           	3.212405e-02
3.25          	3.262405e-02
3.3           	3.312405e-02
3.35          	3.362405e-02
3.4           	3.412405e-02
3.45          	3.462405e-02
3.5           	3.512405e-02
3.55          	3.562405e-02
3.6           	3.612405e-02
3.65          	3.662405e-02
3.7           	3.712405e-02
3.75          	3.762405e-02
3.8           	3.812401e-02
3.85          	3.862354e-02
3.9           	3.912088e-02
3.95          	3.961209e-02
4             	4.009115e-02
4.05          	4.055092e-02
4.1           	4.098395e-02
4.15          	4.138356e-02
4.2           	4.174299e-02
4.25          	4.205493e-02
4.3           	4.231141e-02
4.35          	4.250696e-02
4.4           	4.264343e-02
4.45          	4.272992e-02
4.5           	4.277642e-02
4.55          	4.279225e-02
4.6           	4.279068e-02
4.65          	4.279029e-02
4.7           	4.279779e-02
4.75          	4.280878e-02
4.8           	4.281498e-02
4.85          	4.280712e-02
4.9           	4.277246e-02
4.95          	4.269623e-02
5             	4.256798e-02
5.05          	4.239295e-02
5.1           	4.221549e-02
5.15          	4.211304e-02
5.2           	4.209415e-02
5.25          	4.212141e-02
5.3           	4.216621e-02
5.35          	4.221072e-02
5.4           	4.224346e-02
5.45          	4.225798e-02
5.5           	4.225020e-02
5.55          	4.221595e-02
5.6           	4.215572e-02
5.65          	4.208684e-02
5.7           	4.203343e-02
5.75          	4.200359e-02
5.8           	4.199442e-02
5.85          	4.200044e-02
5.9           	4.201800e-02
5.95          	4.204448e-02
6             	4.207786e-02
6.05          	4.211607e-02
6.1           	4.215721e-02
6.15          	4.219995e-02
6.2           	4.224330e-02
6.25          	4.228696e-02
6.3           	4.233086e-02
6.35          	4.237539e-02
6.4           	4.242068e-02
6.45          	4.246612e-02
6.5           	4.251115e-02
6.55          	4.255546e-02
6.6           	4.259889e-02
6.65          	4.264119e-02
6.7           	4.268195e-02
6.75          	4.272080e-02
6.8           	4.275730e-02
6.85          	4.279119e-02
6.9           	4.282246e-02
6.95          	4.285100e-02
7             	4.287645e-02
7.05          	4.289845e-02
7.1           	4.291657e-02
7.15          	4.293017e-02
7.2           	4.293871e-02
7.25          	4.294179e-02
7.3           	4.293895e-02
7.35          	4.292977e-02
7.4           	4.291388e-02
7.45          	4.289110e-02
7.5           	4.286151e-02
7.55          	4.282545e-02
7.6           	4.278345e-02
7.65          	4.273629e-02
7.7           	4.268494e-02
7.75          	4.263043e-02
7.8           	4.257387e-02
7.85          	4.251623e-02
7.9           	4.245823e-02
7.95          	4.240036e-02
8             	4.234290e-02
8.05          	4.228614e-02
8.1           	4.223060e-02
8.15          	4.217728e-02
8.2           	4.212764e-02
8.25          	4.208343e-02
8.3           	4.204612e-02
8.35          	4.201644e-02
8.4           	4.199423e-02
8.45          	4.197855e-02
8.5           	4.196828e-02
8.55          	4.196212e-02
8.6           	4.195890e-02
8.65          	4.195783e-02
8.7           	4.195874e-02
8.75          	4.196184e-02
8.8           	4.196735e-02
8.85          	4.197531e-02
8.9           	4.198558e-02
8.95          	4.199774e-02
9             	4.201095e-02
9.05          	4.202421e-02
9.1           	4.203722e-02
9.15          	4.205024e-02
9.2           	4.206286e-02
9.25          	4.207477e-02
9.3           	4.208607e-02
9.35          	4.209709e-02
9.4           	4.210793e-02
9.45          	4.211861e-02
9.5           	4.212926e-02
9.55          	4.214012e-02
9.6           	4.215143e-02
9.65          	4.216326e-02
9.7           	4.217557e-02
9.75          	4.218823e-02
9.8           	4.220099e-02
9.85          	4.221365e-02
9.9           	4.222616e-02
9.95          	4.223844e-02
10            	4.225027e-02
10.05         	4.226150e-02
10.1          	4.227196e-02
10.15         	4.228160e-02
10.2          	4.229046e-02
10.25         	4.229862e-02
10.3          	4.230629e-02
10.35         	4.231364e-02
10.4          	4.232094e-02
10.45         	4.232828e-02
10.5          	4.233566e-02
10.55         	4.234308e-02
10.6          	4.235044e-02
10.65         	4.235765e-02
10.7          	4.236458e-02
10.75         	4.237110e-02
10.8          	4.237701e-02
10.85         	4.238213e-02
10.9          	4.238638e-02
10.95         	4.238974e-02
11            	4.239206e-02
11.05         	4.239330e-02
11.1          	4.239348e-02
11.15         	4.239250e-02
11.2          	4.239026e-02
11.25         	4.238692e-02
11.3          	4.238265e-02
11.35         	4.237767e-02
11.4          	4.237220e-02
11.45         	4.236640e-02
11.5          	4.236040e-02
11.55         	4.235438e-02
11.6          	4.234846e-02
11.65         	4.234274e-02
11.7          	4.233745e-02
11.75         	4.233265e-02
11.8          	4.232834e-02
11.85         	4.232443e-02
11.9          	4.232087e-02
11.95         	4.231742e-02
12            	4.231401e-02
12.05         	4.231065e-02
12.1          	4.230725e-02
12.15         	4.230375e-02
12.2          	4.230001e-02
12.25         	4.229584e-02
12.3          	4.229127e-02
12.35         	4.228644e-02
12.4          	4.228147e-02
12.45         	4.227636e-02
12.5          	4.227124e-02
12.55         	4.226617e-02
12.6          	4.226118e-02
12.65         	4.225647e-02
12.7          	4.225227e-02
12.75         	4.224890e-02
12.8          	4.224658e-02
12.85         	4.224554e-02
12.9          	4.224592e-02
12.95         	4.224777e-02
13            	4.225114e-02
13.05         	4.225593e-02
13.1          	4.226189e-02
13.15         	4.226876e-02
13.2          	4.227613e-02
13.25         	4.228347e-02
13.3          	4.229019e-02
13.35         	4.229579e-02
13.4          	4.229983e-02
13.45         	4.230191e-02
13.5          	4.230201e-02
13.55         	4.230032e-02
13.6          	4.229729e-02
13.65         	4.229354e-02
13.7          	4.228977e-02
13.75         	4.228659e-02
13.8          	4.228449e-02
13.85         	4.228356e-02
13.9          	4.228372e-02
13.95         	4.228469e-02
14            	4.228622e-02
14.05         	4.228791e-02
14.1          	4.228930e-02
14.15         	4.229005e-02
14.2          	4.228979e-02
14.25         	4.228832e-02
14.3          	4.228571e-02
14.35         	4.228262e-02
14.4          	4.227989e-02
14.45         	4.227836e-02
14.5          	4.227842e-02
14.55         	4.228015e-02
14.6          	4.228346e-02
14.65         	4.228819e-02
14.7          	4.229407e-02
14.75         	4.230077e-02
14.8          	4.230793e-02
14.85         	4.231517e-02
14.9          	4.232206e-02
14.95         	4.232807e-02
15            	4.233278e-02
15.05         	4.233570e-02
15.1          	4.233622e-02
15.15         	4.233373e-02
15.2          	4.232768e-02
15.25         	4.231763e-02
15.3          	4.230353e-02
15.35         	4.228577e-02
15.4          	4.226507e-02
15.45         	4.224252e-02
15.5          	4.221933e-02
15.55         	4.219672e-02
15.6          	4.217595e-02
15.65         	4.215769e-02
15.7          	4.214199e-02
15.75         	4.212839e-02
15.8          	4.211628e-02
15.85         	4.210480e-02
15.9          	4.209304e-02
15.95         	4.208039e-02
16            	4.206673e-02
16.05         	4.205263e-02
16.1          	4.203934e-02
16.15         	4.202839e-02
16.2          	4.202117e-02
16.25         	4.201852e-02
16.3          	4.202096e-02
16.35         	4.202885e-02
16.4          	4.204250e-02
16.45         	4.206205e-02
16.5          	4.208738e-02
16.55         	4.211812e-02
16.6          	4.215367e-02
16.65         	4.219319e-02
16.7          	4.223571e-02
16.75         	4.228012e-02
16.8          	4.232516e-02
16.85         	4.236923e-02
16.9          	4.241033e-02
16.95         	4.244604e-02
17            	4.247404e-02
17.05         	4.249176e-02
17.1          	4.249665e-02
17.15         	4.248693e-02
17.2          	4.246125e-02
17.25         	4.241790e-02
17.3          	4.235482e-02
17.35         	4.227348e-02
17.4          	4.217940e-02
17.45         	4.207983e-02
17.5          	4.198289e-02
17.55         	4.189196e-02
17.6          	4.180831e-02
17.65         	4.173244e-02
17.7          	4.166754e-02
17.75         	4.161517e-02
17.8          	4.157534e-02
17.85         	4.154797e-02
17.9          	4.153250e-02
17.95         	4.152751e-02
18            	4.152986e-02
18.05         	4.153687e-02
18.1          	4.154708e-02
18.15         	4.156029e-02
18.2          	4.157609e-02
18.25         	4.159361e-02
18.3          	4.161199e-02
18.35         	4.163036e-02
18.4          	4.164773e-02
18.45         	4.166286e-02
18.5          	4.167424e-02
18.55         	4.168022e-02
18.6          	4.167956e-02
18.65         	4.167153e-02
18.7          	4.165572e-02
18.75         	4.163187e-02
18.8          	4.160034e-02
18.85         	4.156105e-02
18.9          	4.151430e-02
18.95         	4.146068e-02
19            	4.140206e-02
19.05         	4.133982e-02
19.1          	4.127516e-02
19.15         	4.120855e-02
19.2          	4.114074e-02
19.25         	4.107440e-02
19.3          	4.101252e-02
19.35         	4.095754e-02
19.4          	4.091010e-02
19.45         	4.087041e-02
19.5          	4.083802e-02
19.55         	4.081320e-02
19.6          	4.079641e-02
19.65         	4.078679e-02
19.7          	4.078415e-02
19.75         	4.078967e-02
19.8          	4.080379e-02
19.85         	4.082256e-02
19.9          	4.084213e-02
19.95         	4.086097e-02
20            	4.087798e-02
20.05         	4.089244e-02
20.1          	4.090377e-02
20.15         	4.091090e-02
20.2          	4.091244e-02
20.25         	4.090732e-02
20.3          	4.089496e-02
20.35         	4.087558e-02
20.4          	4.084922e-02
20.45         	4.081543e-02
20.5          	4.077341e-02
20.55         	4.072265e-02
20.6          	4.066357e-02
20.65         	4.059748e-02
20.7          	4.052610e-02
20.75         	4.045109e-02
20.8          	4.037401e-02
20.85         	4.029617e-02
20.9          	4.021852e-02
20.95         	4.014159e-02
21            	4.006558e-02
21.05         	3.999048e-02
21.1          	3.991622e-02
21.15         	3.984246e-02
21.2          	3.976916e-02
21.25         	3.969673e-02
21.3          	3.962567e-02
21.35         	3.955601e-02
21.4          	3.948757e-02
21.45         	3.942019e-02
21.5          	3.935454e-02
21.55         	3.929194e-02
21.6          	3.923387e-02
21.65         	3.918223e-02
21.7          	3.913926e-02
21.75         	3.910720e-02
21.8          	3.908781e-02
21.85         	3.908276e-02
21.9          	3.909297e-02
21.95         	3.911758e-02
22            	3.915472e-02
22.05         	3.920134e-02
22.1          	3.925475e-02
22.15         	3.931291e-02
22.2          	3.937442e-02
22.25         	3.943926e-02
22.3          	3.950810e-02
22.35         	3.958184e-02
22.4          	3.966013e-02
22.45         	3.974277e-02
22.5          	3.982810e-02
22.55         	3.991505e-02
22.6          	4.000152e-02
22.65         	4.008550e-02
22.7          	4.016506e-02
22.75         	4.023895e-02
22.8          	4.030629e-02
22.85         	4.036698e-02
22.9          	4.042166e-02
22.95         	4.047080e-02
23            	4.051493e-02
23.05         	4.055512e-02
23.1          	4.059246e-02
23.15         	4.062820e-02
23.2          	4.066331e-02
23.25         	4.069783e-02
23.3          	4.073137e-02
23.35         	4.076325e-02
23.4          	4.079389e-02
23.45         	4.082393e-02
23.5          	4.085371e-02
23.55         	4.088361e-02
23.6          	4.091365e-02
23.65         	4.094365e-02
23.7          	4.097318e-02
23.75         	4.100190e-02
23.8          	4.102945e-02
23.85         	4.105536e-02
23.9          	4.107884e-02
23.95         	4.109879e-02
24            	4.111403e-02
24.05         	4.112329e-02
24.1          	4.112534e-02
24.15         	4.111900e-02
24.2          	4.110356e-02
24.25         	4.107894e-02
24.3          	4.104560e-02
24.35         	4.100457e-02
24.4          	4.095740e-02
24.45         	4.090635e-02
24.5          	4.085417e-02
24.55         	4.080374e-02
24.6          	4.075690e-02
24.65         	4.071414e-02
24.7          	4.067453e-02
24.75         	4.063647e-02
24.8          	4.059852e-02
24.85         	4.056107e-02
24.9          	4.052610e-02
24.95         	4.049508e-02
25            	4.046893e-02
25.05         	4.044802e-02
25.1          	4.043170e-02
25.15         	4.041873e-02
25.2          	4.040823e-02
25.25         	4.040005e-02
25.3          	4.039486e-02
25.35         	4.039391e-02
25.4          	4.039818e-02
25.45         	4.040713e-02
25.5          	4.041901e-02
25.55         	4.043141e-02
25.6          	4.044208e-02
25.65         	4.044946e-02
25.7          	4.045299e-02
25.75         	4.045337e-02
25.8          	4.045206e-02
25.85         	4.045057e-02
25.9          	4.044979e-02
25.95         	4.044993e-02
26            	4.045068e-02
26.05         	4.045147e-02
26.1          	4.045161e-02
26.15         	4.045048e-02
26.2          	4.044749e-02
26.25         	4.044230e-02
26.3          	4.043471e-02
26.35         	4.042528e-02
26.4          	4.041517e-02
26.45         	4.040565e-02
26.5          	4.039747e-02
26.55         	4.039126e-02
26.6          	4.038766e-02
26.65         	4.038729e-02
26.7          	4.039010e-02
26.75         	4.039487e-02
26.8          	4.039986e-02
26.85         	4.040380e-02
26.9          	4.040705e-02
26.95         	4.041143e-02
27            	4.041894e-02
27.05         	4.043086e-02
27.1          	4.044686e-02
27.15         	4.046536e-02
27.2          	4.048361e-02
27.25         	4.049813e-02
27.3          	4.050532e-02
27.35         	4.050200e-02
27.4          	4.048586e-02
27.45         	4.045571e-02
27.5          	4.041189e-02
27.55         	4.035678e-02
27.6          	4.029525e-02
27.65         	4.023496e-02
27.7          	4.018581e-02
27.75         	4.015599e-02
27.8          	4.014864e-02
27.85         	4.016281e-02
27.9          	4.019529e-02
27.95         	4.024036e-02
28            	4.029214e-02
28.05         	4.034615e-02
28.1          	4.039881e-02
28.15         	4.044823e-02
28.2          	4.049382e-02
28.25         	4.053569e-02
28.3          	4.057418e-02
28.35         	4.060947e-02
28.4          	4.064183e-02
28.45         	4.067249e-02
28.5          	4.070310e-02
28.55         	4.073561e-02
28.6          	4.077316e-02
28.65         	4.081712e-02
28.7          	4.086374e-02
28.75         	4.091020e-02
28.8          	4.095462e-02
28.85         	4.099766e-02
28.9          	4.104007e-02
28.95         	4.108102e-02
29            	4.111939e-02
29.05         	4.115360e-02
29.1          	4.118238e-02
29.15         	4.120542e-02
29.2          	4.122384e-02
29.25         	4.123866e-02
29.3          	4.125213e-02
29.35         	4.126612e-02
29.4          	4.128119e-02
29.45         	4.129754e-02
29.5          	4.131468e-02
29.55         	4.133208e-02
29.6          	4.134903e-02
29.65         	4.136473e-02
29.7          	4.137827e-02
29.75         	4.138920e-02
29.8          	4.139770e-02
29.85         	4.140417e-02
29.9          	4.140881e-02
29.95         	4.141152e-02
30            	4.141175e-02
30.05         	4.140889e-02
30.1          	4.140189e-02
30.15         	4.138867e-02
30.2          	4.136703e-02
30.25         	4.133551e-02
30.3          	4.129380e-02
30.35         	4.124291e-02
30.4          	4.118447e-02
30.45         	4.112117e-02
30.5          	4.105564e-02
30.55         	4.099070e-02
30.6          	4.092899e-02
30.65         	4.087174e-02
30.7          	4.081874e-02
30.75         	4.076823e-02
30.8          	4.071838e-02
30.85         	4.066726e-02
30.9          	4.061316e-02
30.95         	4.055380e-02
31            	4.048751e-02
31.05         	4.041406e-02
31.1          	4.033481e-02
31.15         	4.025289e-02
31.2          	4.017177e-02
31.25         	4.009425e-02
31.3          	4.002240e-02
31.35         	3.995703e-02
31.4          	3.989841e-02
31.45         	3.984680e-02
31.5          	3.980195e-02
31.55         	3.976316e-02
31.6          	3.972935e-02
31.65         	3.969961e-02
31.7          	3.967337e-02
31.75         	3.965080e-02
31.8          	3.963299e-02
31.85         	3.962185e-02
31.9          	3.962094e-02
31.95         	3.963323e-02
32            	3.965959e-02
32.05         	3.969979e-02
32.1          	3.975273e-02
32.15         	3.981540e-02
32.2          	3.988501e-02
32.25         	3.995920e-02
32.3          	4.003607e-02
32.35         	4.011359e-02
32.4          	4.018921e-02
32.45         	4.026124e-02
32.5          	4.032918e-02
32.55         	4.039332e-02
32.6          	4.045319e-02
32.65         	4.050921e-02
32.7          	4.056217e-02
32.75         	4.061203e-02
32.8          	4.065824e-02
32.85         	4.069909e-02
32.9          	4.073298e-02
32.95         	4.075954e-02
33            	4.077920e-02
33.05         	4.079113e-02
33.1          	4.079511e-02
33.15         	4.079257e-02
33.2          	4.078499e-02
33.25         	4.077343e-02
33.3          	4.075905e-02
33.35         	4.074236e-02
33.4          	4.072275e-02
33.45         	4.069934e-02
33.5          	4.067232e-02
33.55         	4.064198e-02
33.6          	4.060873e-02
33.65         	4.057421e-02
33.7          	4.054122e-02
33.75         	4.051381e-02
33.8          	4.049569e-02
33.85         	4.048914e-02
33.9          	4.049257e-02
33.95         	4.050286e-02
34            	4.051499e-02
34.05         	4.052550e-02
34.1          	4.053359e-02
34.15         	4.054009e-02
34.2          	4.054622e-02
34.25         	4.055207e-02
34.3          	4.055747e-02
34.35         	4.056200e-02
34.4          	4.056551e-02
34.45         	4.056786e-02
34.5          	4.056879e-02
34.55         	4.056800e-02
34.6          	4.056494e-02
34.65         	4.055893e-02
34.7          	4.054916e-02
34.75         	4.053493e-02
34.8          	4.051582e-02
34.85         	4.049227e-02
34.9          	4.046478e-02
34.95         	4.043334e-02
35            	4.039846e-02
35.05         	4.036132e-02
35.1          	4.032498e-02
35.15         	4.029467e-02
35.2          	4.027647e-02
35.25         	4.027094e-02
35.3          	4.027407e-02
35.35         	4.028038e-02
35.4          	4.028534e-02
35.45         	4.028639e-02
35.5          	4.028329e-02
35.55         	4.027531e-02
35.6          	4.026291e-02
35.65         	4.024750e-02
35.7          	4.023261e-02
35.75         	4.022078e-02
35.8          	4.021416e-02
35.85         	4.021280e-02
35.9          	4.021321e-02
35.95         	4.021058e-02
36            	4.020273e-02
36.05         	4.019152e-02
36.1          	4.018165e-02
36.15         	4.018173e-02
36.2          	4.019881e-02
36.25         	4.023661e-02
36.3          	4.029222e-02
36.35         	4.035974e-02
36.4          	4.043546e-02
36.45         	4.051475e-02
36.5          	4.059249e-02
36.55         	4.066473e-02
36.6          	4.072741e-02
36.65         	4.077712e-02
36.7          	4.081213e-02
36.75         	4.083272e-02
36.8          	4.084112e-02
36.85         	4.084201e-02
36.9          	4.083975e-02
36.95         	4.083807e-02
37            	4.083985e-02
37.05         	4.084722e-02
37.1          	4.086106e-02
37.15         	4.087973e-02
37.2          	4.089866e-02
37.25         	4.091209e-02
37.3          	4.091554e-02
37.35         	4.090791e-02
37.4          	4.089202e-02
37.45         	4.087368e-02
37.5          	4.085969e-02
37.55         	4.085424e-02
37.6          	4.085360e-02
37.65         	4.085272e-02
37.7          	4.084922e-02
37.75         	4.084293e-02
37.8          	4.083325e-02
37.85         	4.082005e-02
37.9          	4.080124e-02
37.95         	4.077525e-02
38            	4.074050e-02
38.05         	4.069575e-02
38.1          	4.064168e-02
38.15         	4.058024e-02
38.2          	4.051592e-02
38.25         	4.045248e-02
38.3          	4.039575e-02
38.35         	4.035128e-02
38.4          	4.032277e-02
38.45         	4.031196e-02
38.5          	4.031966e-02
38.55         	4.034677e-02
38.6          	4.039398e-02
38.65         	4.045710e-02
38.7          	4.053123e-02
38.75         	4.061185e-02
38.8          	4.069449e-02
38.85         	4.077472e-02
38.9          	4.084804e-02
38.95         	4.091119e-02
39            	4.096420e-02
39.05         	4.101050e-02
39.1          	4.105461e-02
39.15         	4.109927e-02
39.2          	4.114548e-02
39.25         	4.119331e-02
39.3          	4.124261e-02
39.35         	4.129343e-02
39.4          	4.134525e-02
39.45         	4.139661e-02
39.5          	4.144572e-02
39.55         	4.149043e-02
39.6          	4.152741e-02
39.65         	4.155229e-02
39.7          	4.156205e-02
39.75         	4.155490e-02
39.8          	4.152906e-02
39.85         	4.148597e-02
39.9          	4.142983e-02
39.95         	4.136432e-02
40            	4.128820e-02
40.05         	4.119917e-02
40.1          	4.110058e-02
40.15         	4.100201e-02
40.2          	4.091154e-02
40.25         	4.083128e-02
40.3          	4.076204e-02
40.35         	4.070408e-02
40.4          	4.065806e-02
40.45         	4.062785e-02
40.5          	4.061739e-02
40.55         	4.062694e-02
40.6          	4.065298e-02
40.65         	4.068916e-02
40.7          	4.073011e-02
40.75         	4.077238e-02
40.8          	4.081322e-02
40.85         	4.085185e-02
40.9          	4.089036e-02
40.95         	4.093106e-02
41            	4.097534e-02
41.05         	4.102402e-02
41.1          	4.107762e-02
41.15         	4.113582e-02
41.2          	4.119583e-02
41.25         	4.125453e-02
41.3          	4.130984e-02
41.35         	4.135991e-02
41.4          	4.140416e-02
41.45         	4.144179e-02
41.5          	4.147622e-02
41.55         	4.150776e-02
41.6          	4.153587e-02
41.65         	4.155988e-02
41.7          	4.157860e-02
41.75         	4.159064e-02
41.8          	4.159557e-02
41.85         	4.159418e-02
41.9          	4.158880e-02
41.95         	4.158167e-02
42            	4.157486e-02
42.05         	4.156981e-02
42.1          	4.156683e-02
42.15         	4.156535e-02
42.2          	4.156419e-02
42.25         	4.156164e-02
42.3          	4.155595e-02
42.35         	4.154590e-02
42.4          	4.153096e-02
42.45         	4.151087e-02
42.5          	4.148540e-02
42.55         	4.145451e-02
42.6          	4.141794e-02
42.65         	4.137544e-02
42.7          	4.132707e-02
42.75         	4.127316e-02
42.8          	4.121449e-02
42.85         	4.115241e-02
42.9          	4.108813e-02
42.95         	4.102234e-02
43            	4.095477e-02
43.05         	4.088441e-02
43.1          	4.080997e-02
43.15         	4.073047e-02
43.2          	4.064568e-02
43.25         	4.055625e-02
43.3          	4.046339e-02
43.35         	4.037077e-02
43.4          	4.028692e-02
43.45         	4.022009e-02
43.5          	4.017464e-02
43.55         	4.015265e-02
43.6          	4.015623e-02
43.65         	4.018438e-02
43.7          	4.023120e-02
43.75         	4.028893e-02
43.8          	4.035215e-02
43.85         	4.041906e-02
43.9          	4.049093e-02
43.95         	4.056827e-02
44            	4.064998e-02
44.05         	4.073430e-02
44.1          	4.081979e-02
44.15         	4.090521e-02
44.2          	4.098919e-02
44.25         	4.106983e-02
44.3          	4.114464e-02
44.35         	4.121075e-02
44.4          	4.126539e-02
44.45         	4.130735e-02
44.5          	4.133689e-02
44.55         	4.135407e-02
44.6          	4.135842e-02
44.65         	4.135051e-02
44.7          	4.133310e-02
44.75         	4.131096e-02
44.8          	4.128928e-02
44.85         	4.127214e-02
44.9          	4.126097e-02
44.95         	4.125497e-02
45            	4.125242e-02
45.05         	4.125144e-02
45.1          	4.125012e-02
45.15         	4.124649e-02
45.2          	4.123860e-02
45.25         	4.122458e-02
45.3          	4.120254e-02
45.35         	4.117164e-02
45.4          	4.113266e-02
45.45         	4.108798e-02
45.5          	4.104126e-02
45.55         	4.099738e-02
45.6          	4.095991e-02
45.65         	4.093001e-02
45.7          	4.090698e-02
45.75         	4.088772e-02
45.8          	4.086814e-02
45.85         	4.084325e-02
45.9          	4.081213e-02
45.95         	4.077981e-02
46            	4.075697e-02
46.05         	4.075709e-02
46.1          	4.078669e-02
46.15         	4.083727e-02
46.2          	4.089715e-02
46.25         	4.096007e-02
46.3          	4.102335e-02
46.35         	4.108715e-02
46.4          	4.115139e-02
46.45         	4.121547e-02
46.5          	4.127999e-02
46.55         	4.134577e-02
46.6          	4.141291e-02
46.65         	4.148126e-02
46.7          	4.154951e-02
46.75         	4.161482e-02
46.8          	4.167345e-02
46.85         	4.172231e-02
46.9          	4.176005e-02
46.95         	4.178645e-02
47            	4.180158e-02
47.05         	4.180569e-02
47.1          	4.179927e-02
47.15         	4.178281e-02
47.2          	4.175722e-02
47.25         	4.172405e-02
47.3          	4.168571e-02
47.35         	4.164491e-02
47.4          	4.160344e-02
47.45         	4.156274e-02
47.5          	4.152394e-02
47.55         	4.148715e-02
47.6          	4.145209e-02
47.65         	4.141877e-02
47.7          	4.138748e-02
47.75         	4.135864e-02
47.8          	4.133261e-02
47.85         	4.130940e-02
47.9          	4.128806e-02
47.95         	4.126727e-02
48            	4.124558e-02
48.05         	4.122195e-02
48.1          	4.119583e-02
48.15         	4.116731e-02
48.2          	4.113701e-02
48.25         	4.110548e-02
48.3          	4.107268e-02
48.35         	4.103842e-02
48.4          	4.100299e-02
48.45         	4.096671e-02
48.5          	4.092980e-02
48.55         	4.089228e-02
48.6          	4.085390e-02
48.65         	4.081458e-02
48.7          	4.077490e-02
48.75         	4.073578e-02
48.8          	4.069823e-02
48.85         	4.066298e-02
48.9          	4.063086e-02
48.95         	4.060238e-02
49            	4.057746e-02
49.05         	4.055501e-02
49.1          	4.053310e-02
49.15         	4.050962e-02
49.2          	4.048291e-02
49.25         	4.045209e-02
49.3          	4.041640e-02
49.35         	4.037575e-02
49.4          	4.033058e-02
49.45         	4.028275e-02
49.5          	4.023535e-02
49.55         	4.019223e-02
49.6          	4.015670e-02
49.65         	4.013072e-02
49.7          	4.011367e-02
49.75         	4.010415e-02
49.8          	4.010096e-02
49.85         	4.010246e-02
49.9          	4.010616e-02
49.95         	4.010930e-02
50            	4.011024e-02
50.05         	4.010826e-02
50.1          	4.010358e-02
50.15         	4.009704e-02
50.2          	4.008952e-02
50.25         	4.008176e-02
50.3          	4.007442e-02
50.35         	4.006806e-02
50.4          	4.006243e-02
50.45         	4.005658e-02
50.5          	4.004940e-02
50.55         	4.004048e-02
50.6          	4.002989e-02
50.65         	4.001801e-02
50.7          	4.000548e-02
50.75         	3.999245e-02
50.8          	3.997778e-02
50.85         	3.995894e-02
50.9          	3.993392e-02
50.95         	3.990377e-02
51            	3.987161e-02
51.05         	3.984505e-02
51.1          	3.982963e-02
51.15         	3.982492e-02
51.2          	3.982783e-02
51.25         	3.983564e-02
51.3          	3.984567e-02
51.35         	3.985581e-02
51.4          	3.986581e-02
51.45         	3.987415e-02
51.5          	3.987647e-02
51.55         	3.987235e-02
51.6          	3.986766e-02
51.65         	3.986907e-02
51.7          	3.987970e-02
51.75         	3.989959e-02
51.8          	3.992608e-02
51.85         	3.995685e-02
51.9          	3.999051e-02
51.95         	4.002637e-02
52            	4.006422e-02
52.05         	4.010377e-02
52.1          	4.014280e-02
52.15         	4.017769e-02
52.2          	4.020516e-02
52.25         	4.022393e-02
52.3          	4.023582e-02
52.35         	4.024569e-02
52.4          	4.025895e-02
52.45         	4.027903e-02
52.5          	4.030685e-02
52.55         	4.034161e-02
52.6          	4.038072e-02
52.65         	4.042129e-02
52.7          	4.046082e-02
52.75         	4.049782e-02
52.8          	4.053234e-02
52.85         	4.056583e-02
52.9          	4.060004e-02
52.95         	4.063639e-02
53            	4.067606e-02
53.05         	4.072028e-02
53.1          	4.077000e-02
53.15         	4.082518e-02
53.2          	4.088454e-02
53.25         	4.094592e-02
53.3          	4.100722e-02
53.35         	4.106516e-02
53.4          	4.111467e-02
53.45         	4.115162e-02
53.5          	4.117169e-02
53.55         	4.117152e-02
53.6          	4.114927e-02
53.65         	4.110611e-02
53.7          	4.104455e-02
53.75         	4.096924e-02
53.8          	4.088615e-02
53.85         	4.080206e-02
53.9          	4.072372e-02
53.95         	4.065325e-02
54            	4.058626e-02
54.05         	4.051713e-02
54.1          	4.044208e-02
54.15         	4.036136e-02
54.2          	4.028795e-02
54.25         	4.023060e-02
54.3          	4.018778e-02
54.35         	4.015524e-02
54.4          	4.012923e-02
54.45         	4.010807e-02
54.5          	4.009232e-02
54.55         	4.008390e-02
54.6          	4.008501e-02
54.65         	4.009707e-02
54.7          	4.012077e-02
54.75         	4.015608e-02
54.8          	4.020227e-02
54.85         	4.025828e-02
54.9          	4.032266e-02
54.95         	4.039324e-02
55            	4.046710e-02
55.05         	4.054121e-02
55.1          	4.061298e-02
55.15         	4.068066e-02
55.2          	4.074323e-02
55.25         	4.080028e-02
55.3          	4.085148e-02
55.35         	4.089628e-02
55.4          	4.093375e-02
55.45         	4.096243e-02
55.5          	4.097951e-02
55.55         	4.098168e-02
55.6          	4.096873e-02
55.65         	4.094648e-02
55.7          	4.092017e-02
55.75         	4.089305e-02
55.8          	4.087165e-02
55.85         	4.085808e-02
55.9          	4.084863e-02
55.95         	4.083937e-02
56            	4.082794e-02
56.05         	4.081291e-02
56.1          	4.079309e-02
56.15         	4.076769e-02
56.2          	4.073659e-02
56.25         	4.069984e-02
56.3          	4.065787e-02
56.35         	4.061139e-02
56.4          	4.056203e-02
56.45         	4.051078e-02
56.5          	4.045791e-02
56.55         	4.040386e-02
56.6          	4.034867e-02
56.65         	4.029245e-02
56.7          	4.023631e-02
56.75         	4.018283e-02
56.8          	4.013402e-02
56.85         	4.009310e-02
56.9          	4.006447e-02
56.95         	4.005172e-02
57            	4.005294e-02
57.05         	4.006051e-02
57.1          	4.006763e-02
57.15         	4.006996e-02
57.2          	4.006755e-02
57.25         	4.006386e-02
57.3          	4.006075e-02
57.35         	4.005760e-02
57.4          	4.005286e-02
57.45         	4.004597e-02
57.5          	4.003819e-02
57.55         	4.003137e-02
57.6          	4.002723e-02
57.65         	4.002752e-02
57.7          	4.003364e-02
57.75         	4.004566e-02
57.8          	4.006220e-02
57.85         	4.008108e-02
57.9          	4.010011e-02
57.95         	4.011749e-02
58            	4.013181e-02
58.05         	4.014189e-02
58.1          	4.014699e-02
58.15         	4.014697e-02
58.2          	4.014202e-02
58.25         	4.013257e-02
58.3          	4.011900e-02
58.35         	4.010143e-02
58.4          	4.007963e-02
58.45         	4.005304e-02
58.5          	4.002064e-02
58.55         	3.998135e-02
58.6          	3.993436e-02
58.65         	3.987943e-02
58.7          	3.981729e-02
58.75         	3.974974e-02
58.8          	3.967972e-02
58.85         	3.961162e-02
58.9          	3.955094e-02
58.95         	3.950325e-02
59            	3.947221e-02
59.05         	3.945910e-02
59.1          	3.946296e-02
59.15         	3.948117e-02
59.2          	3.951083e-02
59.25         	3.954924e-02
59.3          	3.959473e-02
59.35         	3.964676e-02
59.4          	3.970546e-02
59.45         	3.977110e-02
59.5          	3.984236e-02
59.55         	3.991722e-02
59.6          	3.999448e-02
59.65         	4.007401e-02
59.7          	4.015625e-02
59.75         	4.024178e-02
59.8          	4.033043e-02
59.85         	4.042159e-02
59.9          	4.051466e-02
59.95         	4.060909e-02
60            	4.070437e-02
60.05         	4.079995e-02
60.1          	4.089517e-02
60.15         	4.098884e-02
60.2          	4.107891e-02
60.25         	4.116264e-02
60.3          	4.123782e-02
60.35         	4.130385e-02
60.4          	4.136092e-02
60.45         	4.140802e-02
60.5          	4.144319e-02
60.55         	4.146461e-02
60.6          	4.147075e-02
60.65         	4.146054e-02
60.7          	4.143366e-02
60.75         	4.139096e-02
60.8          	4.133449e-02
60.85         	4.126731e-02
60.9          	4.119213e-02
60.95         	4.111061e-02
61            	4.102283e-02
61.05         	4.092694e-02
61.1          	4.082016e-02
61.15         	4.070153e-02
61.2          	4.057438e-02
61.25         	4.044776e-02
61.3          	4.033491e-02
61.35         	4.024811e-02
61.4          	4.019182e-02
61.45         	4.016319e-02
61.5          	4.015411e-02
61.55         	4.015601e-02
61.6          	4.016266e-02
61.65         	4.016869e-02
61.7          	4.017077e-02
61.75         	4.016995e-02
61.8          	4.016725e-02
61.85         	4.016464e-02
61.9          	4.016398e-02
61.95         	4.016652e-02
62            	4.017377e-02
62.05         	4.018757e-02
62.1          	4.020974e-02
62.15         	4.024087e-02
62.2          	4.027976e-02
62.25         	4.032332e-02
62.3          	4.036843e-02
62.35         	4.041304e-02
62.4          	4.045732e-02
62.45         	4.050300e-02
62.5          	4.055188e-02
62.55         	4.060562e-02
62.6          	4.066484e-02
62.65         	4.073076e-02
62.7          	4.080405e-02
62.75         	4.088305e-02
62.8          	4.096442e-02
62.85         	4.104373e-02
62.9          	4.111544e-02
62.95         	4.117606e-02
63            	4.122429e-02
63.05         	4.125965e-02
63.1          	4.128242e-02
63.15         	4.129558e-02
63.2          	4.130366e-02
63.25         	4.130965e-02
63.3          	4.131470e-02
63.35         	4.131873e-02
63.4          	4.132141e-02
63.45         	4.132250e-02
63.5          	4.132104e-02
63.55         	4.131501e-02
63.6          	4.130175e-02
63.65         	4.127897e-02
63.7          	4.124564e-02
63.75         	4.120245e-02
63.8          	4.115119e-02
63.85         	4.109371e-02
63.9          	4.103206e-02
63.95         	4.096902e-02
64            	4.090808e-02
64.05         	4.085148e-02
64.1          	4.080013e-02
64.15         	4.075496e-02
64.2          	4.071731e-02
64.25         	4.068895e-02
64.3          	4.067049e-02
64.35         	4.065979e-02
64.4          	4.065450e-02
64.45         	4.065350e-02
64.5          	4.065604e-02
64.55         	4.066234e-02
64.6          	4.067288e-02
64.65         	4.068697e-02
64.7          	4.070261e-02
64.75         	4.071725e-02
64.8          	4.072862e-02
64.85         	4.073518e-02
64.9          	4.073611e-02
64.95         	4.073134e-02
65            	4.072180e-02
65.05         	4.070918e-02
65.1          	4.069539e-02
65.15         	4.068174e-02
65.2          	4.066860e-02
65.25         	4.065603e-02
65.3          	4.064389e-02
65.35         	4.063206e-02
65.4          	4.062071e-02
65.45         	4.061004e-02
65.5          	4.060128e-02
65.55         	4.059970e-02
65.6          	4.061280e-02
65.65         	4.064312e-02
65.7          	4.068534e-02
65.75         	4.073171e-02
65.8          	4.077662e-02
65.85         	4.081701e-02
65.9          	4.084912e-02
65.95         	4.086836e-02
66            	4.087179e-02
66.05         	4.085914e-02
66.1          	4.083132e-02
66.15         	4.079058e-02
66.2          	4.074024e-02
66.25         	4.068475e-02
66.3          	4.062760e-02
66.35         	4.056903e-02
66.4          	4.050771e-02
66.45         	4.044271e-02
66.5          	4.037444e-02
66.55         	4.030525e-02
66.6          	4.023751e-02
66.65         	4.017255e-02
66.7          	4.011093e-02
66.75         	4.005330e-02
66.8          	4.000097e-02
66.85         	3.995564e-02
66.9          	3.991951e-02
66.95         	3.989429e-02
67            	3.988068e-02
67.05         	3.987768e-02
67.1          	3.988271e-02
67.15         	3.989079e-02
67.2          	3.989615e-02
67.25         	3.989536e-02
67.3          	3.988736e-02
67.35         	3.987248e-02
67.4          	3.985275e-02
67.45         	3.983071e-02
67.5          	3.980844e-02
67.55         	3.978691e-02
67.6          	3.976691e-02
67.65         	3.974861e-02
67.7          	3.973147e-02
67.75         	3.971468e-02
67.8          	3.969778e-02
67.85         	3.968121e-02
67.9          	3.966541e-02
67.95         	3.965126e-02
68            	3.964012e-02
68.05         	3.963373e-02
68.1          	3.963377e-02
68.15         	3.964038e-02
68.2          	3.965299e-02
68.25         	3.967061e-02
68.3          	3.969132e-02
68.35         	3.971302e-02
68.4          	3.973468e-02
68.45         	3.975742e-02
68.5          	3.978360e-02
68.55         	3.981527e-02
68.6          	3.985281e-02
68.65         	3.989477e-02
68.7          	3.993901e-02
68.75         	3.998345e-02
68.8          	4.002648e-02
68.85         	4.006643e-02
68.9          	4.010161e-02
68.95         	4.013119e-02
69            	4.015468e-02
69.05         	4.017186e-02
69.1          	4.018388e-02
69.15         	4.019335e-02
69.2          	4.020348e-02
69.25         	4.021698e-02
69.3          	4.023528e-02
69.35         	4.026004e-02
69.4          	4.029245e-02
69.45         	4.033231e-02
69.5          	4.037839e-02
69.55         	4.042908e-02
69.6          	4.048362e-02
69.65         	4.054193e-02
69.7          	4.060385e-02
69.75         	4.066816e-02
69.8          	4.073425e-02
69.85         	4.080135e-02
69.9          	4.086801e-02
69.95         	4.093227e-02
70            	4.099257e-02
70.05         	4.104697e-02
70.1          	4.109356e-02
70.15         	4.113185e-02
70.2          	4.116275e-02
70.25         	4.118645e-02
70.3          	4.120227e-02
70.35         	4.120996e-02
70.4          	4.120962e-02
70.45         	4.120144e-02
70.5          	4.118623e-02
70.55         	4.116591e-02
70.6          	4.114176e-02
70.65         	4.111476e-02
70.7          	4.108529e-02
70.75         	4.105352e-02
70.8          	4.102015e-02
70.85         	4.098684e-02
70.9          	4.095633e-02
70.95         	4.093117e-02
71            	4.091132e-02
71.05         	4.089438e-02
71.1          	4.087849e-02
71.15         	4.086245e-02
71.2          	4.084545e-02
71.25         	4.082684e-02
71.3          	4.080591e-02
71.35         	4.078245e-02
71.4          	4.075640e-02
71.45         	4.072775e-02
71.5          	4.069646e-02
71.55         	4.066276e-02
71.6          	4.062740e-02
71.65         	4.059082e-02
71.7          	4.055452e-02
71.75         	4.052087e-02
71.8          	4.049165e-02
71.85         	4.046588e-02
71.9          	4.044113e-02
71.95         	4.041512e-02
72            	4.038549e-02
72.05         	4.034997e-02
72.1          	4.030751e-02
72.15         	4.026035e-02
72.2          	4.021454e-02
72.25         	4.017809e-02
72.3          	4.015650e-02
72.35         	4.014917e-02
72.4          	4.015267e-02
72.45         	4.016344e-02
72.5          	4.017813e-02
72.55         	4.019412e-02
72.6          	4.021023e-02
72.65         	4.022689e-02
72.7          	4.024460e-02
72.75         	4.026228e-02
72.8          	4.027824e-02
72.85         	4.029203e-02
72.9          	4.030456e-02
72.95         	4.031712e-02
73            	4.032975e-02
73.05         	4.034211e-02
73.1          	4.035359e-02
73.15         	4.036338e-02
73.2          	4.037120e-02
73.25         	4.037751e-02
73.3          	4.038327e-02
73.35         	4.038926e-02
73.4          	4.039513e-02
73.45         	4.040048e-02
73.5          	4.040523e-02
73.55         	4.040932e-02
73.6          	4.041197e-02
73.65         	4.041191e-02
73.7          	4.040805e-02
73.75         	4.040012e-02
73.8          	4.038873e-02
73.85         	4.037511e-02
73.9          	4.036055e-02
73.95         	4.034518e-02
74            	4.032892e-02
74.05         	4.031147e-02
74.1          	4.029357e-02
74.15         	4.027699e-02
74.2          	4.026355e-02
74.25         	4.025559e-02
74.3          	4.025413e-02
74.35         	4.025880e-02
74.4          	4.026984e-02
74.45         	4.028816e-02
74.5          	4.031678e-02
74.55         	4.035806e-02
74.6          	4.041164e-02
74.65         	4.047453e-02
74.7          	4.054193e-02
74.75         	4.060927e-02
74.8          	4.067320e-02
74.85         	4.073063e-02
74.9          	4.077779e-02
74.95         	4.081100e-02
75            	4.082854e-02
75.05         	4.083095e-02
75.1          	4.082061e-02
75.15         	4.080018e-02
75.2          	4.077195e-02
75.25         	4.073774e-02
75.3          	4.069936e-02
75.35         	4.065885e-02
75.4          	4.061850e-02
75.45         	4.058032e-02
75.5          	4.054544e-02
75.55         	4.051364e-02
75.6          	4.048395e-02
75.65         	4.045457e-02
75.7          	4.042327e-02
75.75         	4.038789e-02
75.8          	4.034731e-02
75.85         	4.030220e-02
75.9          	4.025696e-02
75.95         	4.021825e-02
76            	4.018970e-02
76.05         	4.016930e-02
76.1          	4.015229e-02
76.15         	4.013450e-02
76.2          	4.011482e-02
76.25         	4.009393e-02
76.3          	4.007212e-02
76.35         	4.004914e-02
76.4          	4.002486e-02
76.45         	3.999975e-02
76.5          	3.997501e-02
76.55         	3.995274e-02
76.6          	3.993481e-02
76.65         	3.992172e-02
76.7          	3.991216e-02
76.75         	3.990390e-02
76.8          	3.989490e-02
76.85         	3.988395e-02
76.9          	3.987167e-02
76.95         	3.985989e-02
77            	3.985040e-02
77.05         	3.984478e-02
77.1          	3.984497e-02
77.15         	3.985279e-02
77.2          	3.986792e-02
77.25         	3.988834e-02
77.3          	3.991115e-02
77.35         	3.993284e-02
77.4          	3.994961e-02
77.45         	3.995789e-02
77.5          	3.995545e-02
77.55         	3.994222e-02
77.6          	3.991979e-02
77.65         	3.989088e-02
77.7          	3.985845e-02
77.75         	3.982546e-02
77.8          	3.979473e-02
77.85         	3.976791e-02
77.9          	3.974531e-02
77.95         	3.972653e-02
78            	3.971004e-02
78.05         	3.969308e-02
78.1          	3.967186e-02
78.15         	3.964377e-02
78.2          	3.960874e-02
78.25         	3.957021e-02
78.3          	3.953293e-02
78.35         	3.950113e-02
78.4          	3.947720e-02
78.45         	3.946247e-02
78.5          	3.945697e-02
78.55         	3.946102e-02
78.6          	3.947437e-02
78.65         	3.949627e-02
78.7          	3.952551e-02
78.75         	3.956049e-02
78.8          	3.960042e-02
78.85         	3.964470e-02
78.9          	3.969297e-02
78.95         	3.974485e-02
79            	3.979993e-02
79.05         	3.985768e-02
79.1          	3.991760e-02
79.15         	3.997927e-02
79.2          	4.004259e-02
79.25         	4.010829e-02
79.3          	4.017771e-02
79.35         	4.025065e-02
79.4          	4.032547e-02
79.45         	4.040079e-02
79.5          	4.047432e-02
79.55         	4.054327e-02
79.6          	4.060596e-02
79.65         	4.066210e-02
79.7          	4.071021e-02
79.75         	4.074952e-02
79.8          	4.077964e-02
79.85         	4.080097e-02
79.9          	4.081435e-02
79.95         	4.082093e-02
80            	4.082165e-02
80.05         	4.081833e-02
80.1          	4.081257e-02
80.15         	4.080496e-02
80.2          	4.079499e-02
80.25         	4.078200e-02
80.3          	4.076591e-02
80.35         	4.074749e-02
80.4          	4.072760e-02
80.45         	4.070660e-02
80.5          	4.068615e-02
80.55         	4.066815e-02
80.6          	4.065283e-02
80.65         	4.063946e-02
80.7          	4.062555e-02
80.75         	4.060764e-02
80.8          	4.058164e-02
80.85         	4.054361e-02
80.9          	4.049341e-02
80.95         	4.043744e-02
81            	4.038491e-02
81.05         	4.033705e-02
81.1          	4.028900e-02
81.15         	4.023897e-02
81.2          	4.019143e-02
81.25         	4.015055e-02
81.3          	4.012119e-02
81.35         	4.010604e-02
81.4          	4.010385e-02
81.45         	4.011078e-02
81.5          	4.012379e-02
81.55         	4.014155e-02
81.6          	4.016380e-02
81.65         	4.019034e-02
81.7          	4.021977e-02
81.75         	4.024958e-02
81.8          	4.027640e-02
81.85         	4.029776e-02
81.9          	4.031267e-02
81.95         	4.032086e-02
82            	4.032295e-02
82.05         	4.031995e-02
82.1          	4.031215e-02
82.15         	4.029952e-02
82.2          	4.028232e-02
82.25         	4.026021e-02
82.3          	4.023163e-02
82.35         	4.019615e-02
82.4          	4.015479e-02
82.45         	4.011277e-02
82.5          	4.007246e-02
82.55         	4.003382e-02
82.6          	3.999697e-02
82.65         	3.996235e-02
82.7          	3.993004e-02
82.75         	3.989984e-02
82.8          	3.987163e-02
82.85         	3.984522e-02
82.9          	3.981990e-02
82.95         	3.979474e-02
83            	3.976936e-02
83.05         	3.974412e-02
83.1          	3.972012e-02
83.15         	3.969829e-02
83.2          	3.967877e-02
83.25         	3.966133e-02
83.3          	3.964534e-02
83.35         	3.962981e-02
83.4          	3.961338e-02
83.45         	3.959505e-02
83.5          	3.957532e-02
83.55         	3.955725e-02
83.6          	3.954302e-02
83.65         	3.953379e-02
83.7          	3.953163e-02
83.75         	3.953649e-02
83.8          	3.954863e-02
83.85         	3.956839e-02
83.9          	3.959528e-02
83.95         	3.962520e-02
84            	3.965814e-02
84.05         	3.970582e-02
84.1          	3.977390e-02
84.15         	3.985742e-02
84.2          	3.995073e-02
84.25         	4.005093e-02
84.3          	4.015717e-02
84.35         	4.026535e-02
84.4          	4.037206e-02
84.45         	4.047569e-02
84.5          	4.057383e-02
84.55         	4.066605e-02
84.6          	4.075320e-02
84.65         	4.083709e-02
84.7          	4.091965e-02
84.75         	4.100175e-02
84.8          	4.108342e-02
84.85         	4.116413e-02
84.9          	4.124287e-02
84.95         	4.131861e-02
85            	4.139052e-02
85.05         	4.145798e-02
85.1          	4.152075e-02
85.15         	4.157884e-02
85.2          	4.163223e-02
85.25         	4.168072e-02
85.3          	4.172377e-02
85.35         	4.176046e-02
85.4          	4.178982e-02
85.45         	4.181082e-02
85.5          	4.182255e-02
85.55         	4.182427e-02
85.6          	4.181531e-02
85.65         	4.179510e-02
85.7          	4.176353e-02
85.75         	4.172097e-02
85.8          	4.166838e-02
85.85         	4.160714e-02
85.9          	4.153890e-02
85.95         	4.146481e-02
86            	4.138527e-02
86.05         	4.130060e-02
86.1          	4.121131e-02
86.15         	4.111735e-02
86.2          	4.101805e-02
86.25         	4.091244e-02
86.3          	4.080106e-02
86.35         	4.068747e-02
86.4          	4.057959e-02
86.45         	4.047922e-02
86.5          	4.038598e-02
86.55         	4.030297e-02
86.6          	4.023041e-02
86.65         	4.017196e-02
86.7          	4.013560e-02
86.75         	4.012069e-02
86.8          	4.012230e-02
86.85         	4.013520e-02
86.9          	4.015257e-02
86.95         	4.016818e-02
87            	4.017815e-02
87.05         	4.018112e-02
87.1          	4.018077e-02
87.15         	4.018077e-02
87.2          	4.018548e-02
87.25         	4.019802e-02
87.3          	4.021884e-02
87.35         	4.024713e-02
87.4          	4.028110e-02
87.45         	4.031895e-02
87.5          	4.035901e-02
87.55         	4.039948e-02
87.6          	4.043850e-02
87.65         	4.047454e-02
87.7          	4.050669e-02
87.75         	4.053425e-02
87.8          	4.055664e-02
87.85         	4.057333e-02
87.9          	4.058402e-02
87.95         	4.058892e-02
88            	4.058861e-02
88.05         	4.058410e-02
88.1          	4.057654e-02
88.15         	4.056689e-02
88.2          	4.055585e-02
88.25         	4.054399e-02
88.3          	4.053174e-02
88.35         	4.051945e-02
88.4          	4.050717e-02
88.45         	4.049475e-02
88.5          	4.048229e-02
88.55         	4.046927e-02
88.6          	4.045439e-02
88.65         	4.043637e-02
88.7          	4.041418e-02
88.75         	4.038721e-02
88.8          	4.035558e-02
88.85         	4.032036e-02
88.9          	4.028337e-02
88.95         	4.024691e-02
89            	4.021336e-02
89.05         	4.018514e-02
89.1          	4.016457e-02
89.15         	4.015351e-02
89.2          	4.015277e-02
89.25         	4.016157e-02
89.3          	4.017811e-02
89.35         	4.020011e-02
89.4          	4.022572e-02
89.45         	4.025394e-02
89.5          	4.028457e-02
89.55         	4.031777e-02
89.6          	4.035374e-02
89.65         	4.039203e-02
89.7          	4.043171e-02
89.75         	4.047168e-02
89.8          	4.051068e-02
89.85         	4.054745e-02
89.9          	4.058112e-02
89.95         	4.061140e-02
90            	4.063770e-02
