# Region      : all 
# Cells       : 128000
# Volume      : 2.000000e-03
# Time        	volAverage(alpha.air)
0             	0.000000e+00
0.05          	1.767886e-03
0.1           	2.267886e-03
0.15          	2.767886e-03
0.2           	3.267886e-03
0.25          	3.767886e-03
0.3           	4.267886e-03
0.35          	4.767886e-03
0.4           	5.267886e-03
0.45          	5.767886e-03
0.5           	6.267886e-03
0.55          	6.767886e-03
0.6           	7.267886e-03
0.65          	7.767886e-03
0.7           	8.267886e-03
0.75          	8.767886e-03
0.8           	9.267887e-03
0.85          	9.767888e-03
0.9           	1.026789e-02
0.95          	1.076789e-02
1             	1.126789e-02
1.05          	1.176789e-02
1.1           	1.226789e-02
1.15          	1.276789e-02
1.2           	1.326789e-02
1.25          	1.376789e-02
1.3           	1.426789e-02
1.35          	1.476789e-02
1.4           	1.526789e-02
1.45          	1.576789e-02
1.5           	1.626789e-02
1.55          	1.676789e-02
1.6           	1.726789e-02
1.65          	1.776789e-02
1.7           	1.826789e-02
1.75          	1.876789e-02
1.8           	1.926789e-02
1.85          	1.976789e-02
1.9           	2.026789e-02
1.95          	2.076789e-02
2             	2.126789e-02
2.05          	2.176789e-02
2.1           	2.226789e-02
2.15          	2.276789e-02
2.2           	2.326789e-02
2.25          	2.376789e-02
2.3           	2.426789e-02
2.35          	2.476789e-02
2.4           	2.526789e-02
2.45          	2.576789e-02
2.5           	2.626789e-02
2.55          	2.676789e-02
2.6           	2.726789e-02
2.65          	2.776789e-02
2.7           	2.826789e-02
2.75          	2.876789e-02
2.8           	2.926789e-02
2.85          	2.976790e-02
2.9           	3.026790e-02
2.95          	3.076790e-02
3             	3.126790e-02
3.05          	3.176790e-02
3.1           	3.226791e-02
3.15          	3.276792e-02
3.2           	3.326794e-02
3.25          	3.376794e-02
3.3           	3.426794e-02
3.35          	3.476795e-02
3.4           	3.526795e-02
3.45          	3.576795e-02
3.5           	3.626795e-02
3.55          	3.676795e-02
3.6           	3.726796e-02
3.65          	3.776796e-02
3.7           	3.826795e-02
3.75          	3.876785e-02
3.8           	3.926719e-02
3.85          	3.976443e-02
3.9           	4.025587e-02
3.95          	4.073514e-02
4             	4.119379e-02
4.05          	4.162280e-02
4.1           	4.201367e-02
4.15          	4.235881e-02
4.2           	4.265143e-02
4.25          	4.288472e-02
4.3           	4.305404e-02
4.35          	4.316012e-02
4.4           	4.320995e-02
4.45          	4.321410e-02
4.5           	4.318330e-02
4.55          	4.314444e-02
4.6           	4.312592e-02
4.65          	4.312876e-02
4.7           	4.314279e-02
4.75          	4.315773e-02
4.8           	4.316027e-02
4.85          	4.313159e-02
4.9           	4.305778e-02
4.95          	4.293112e-02
5             	4.274467e-02
5.05          	4.250327e-02
5.1           	4.226246e-02
5.15          	4.214235e-02
5.2           	4.212550e-02
5.25          	4.214536e-02
5.3           	4.216930e-02
5.35          	4.217735e-02
5.4           	4.215895e-02
5.45          	4.210711e-02
5.5           	4.202266e-02
5.55          	4.191144e-02
5.6           	4.179854e-02
5.65          	4.173524e-02
5.7           	4.170935e-02
5.75          	4.169801e-02
5.8           	4.169752e-02
5.85          	4.170840e-02
5.9           	4.172934e-02
5.95          	4.175710e-02
6             	4.178806e-02
6.05          	4.182089e-02
6.1           	4.185584e-02
6.15          	4.189151e-02
6.2           	4.192708e-02
6.25          	4.196306e-02
6.3           	4.199998e-02
6.35          	4.203782e-02
6.4           	4.207656e-02
6.45          	4.211690e-02
6.5           	4.215941e-02
6.55          	4.220388e-02
6.6           	4.224977e-02
6.65          	4.229652e-02
6.7           	4.234383e-02
6.75          	4.239178e-02
6.8           	4.244020e-02
6.85          	4.248857e-02
6.9           	4.253638e-02
6.95          	4.258313e-02
7             	4.262837e-02
7.05          	4.267173e-02
7.1           	4.271273e-02
7.15          	4.275113e-02
7.2           	4.278672e-02
7.25          	4.281917e-02
7.3           	4.284791e-02
7.35          	4.287240e-02
7.4           	4.289219e-02
7.45          	4.290703e-02
7.5           	4.291700e-02
7.55          	4.292225e-02
7.6           	4.292294e-02
7.65          	4.291941e-02
7.7           	4.291213e-02
7.75          	4.290138e-02
7.8           	4.288731e-02
7.85          	4.287009e-02
7.9           	4.284975e-02
7.95          	4.282630e-02
8             	4.279986e-02
8.05          	4.277066e-02
8.1           	4.273887e-02
8.15          	4.270463e-02
8.2           	4.266797e-02
8.25          	4.262897e-02
8.3           	4.258773e-02
8.35          	4.254429e-02
8.4           	4.249876e-02
8.45          	4.245164e-02
8.5           	4.240376e-02
8.55          	4.235650e-02
8.6           	4.231114e-02
8.65          	4.226870e-02
8.7           	4.222979e-02
8.75          	4.219492e-02
8.8           	4.216442e-02
8.85          	4.213845e-02
8.9           	4.211711e-02
8.95          	4.210024e-02
9             	4.208749e-02
9.05          	4.207872e-02
9.1           	4.207367e-02
9.15          	4.207193e-02
9.2           	4.207285e-02
9.25          	4.207567e-02
9.3           	4.207954e-02
9.35          	4.208354e-02
9.4           	4.208682e-02
9.45          	4.208859e-02
9.5           	4.208836e-02
9.55          	4.208608e-02
9.6           	4.208196e-02
9.65          	4.207653e-02
9.7           	4.207056e-02
9.75          	4.206484e-02
9.8           	4.206014e-02
9.85          	4.205709e-02
9.9           	4.205604e-02
9.95          	4.205711e-02
10            	4.206031e-02
10.05         	4.206549e-02
10.1          	4.207238e-02
10.15         	4.208044e-02
10.2          	4.208910e-02
10.25         	4.209781e-02
10.3          	4.210605e-02
10.35         	4.211350e-02
10.4          	4.212007e-02
10.45         	4.212590e-02
10.5          	4.213117e-02
10.55         	4.213610e-02
10.6          	4.214089e-02
10.65         	4.214564e-02
10.7          	4.215033e-02
10.75         	4.215495e-02
10.8          	4.215960e-02
10.85         	4.216442e-02
10.9          	4.216957e-02
10.95         	4.217525e-02
11            	4.218169e-02
11.05         	4.218894e-02
11.1          	4.219681e-02
11.15         	4.220495e-02
11.2          	4.221299e-02
11.25         	4.222056e-02
11.3          	4.222736e-02
11.35         	4.223321e-02
11.4          	4.223820e-02
11.45         	4.224255e-02
11.5          	4.224664e-02
11.55         	4.225091e-02
11.6          	4.225587e-02
11.65         	4.226191e-02
11.7          	4.226913e-02
11.75         	4.227743e-02
11.8          	4.228653e-02
11.85         	4.229614e-02
11.9          	4.230579e-02
11.95         	4.231500e-02
12            	4.232335e-02
12.05         	4.233064e-02
12.1          	4.233686e-02
12.15         	4.234209e-02
12.2          	4.234651e-02
12.25         	4.235031e-02
12.3          	4.235364e-02
12.35         	4.235654e-02
12.4          	4.235901e-02
12.45         	4.236087e-02
12.5          	4.236197e-02
12.55         	4.236217e-02
12.6          	4.236137e-02
12.65         	4.235959e-02
12.7          	4.235712e-02
12.75         	4.235438e-02
12.8          	4.235178e-02
12.85         	4.234962e-02
12.9          	4.234824e-02
12.95         	4.234777e-02
13            	4.234807e-02
13.05         	4.234869e-02
13.1          	4.234884e-02
13.15         	4.234775e-02
13.2          	4.234475e-02
13.25         	4.233949e-02
13.3          	4.233204e-02
13.35         	4.232308e-02
13.4          	4.231399e-02
13.45         	4.230660e-02
13.5          	4.230270e-02
13.55         	4.230350e-02
13.6          	4.230898e-02
13.65         	4.231864e-02
13.7          	4.233240e-02
13.75         	4.234932e-02
13.8          	4.236831e-02
13.85         	4.238867e-02
13.9          	4.240792e-02
13.95         	4.242450e-02
14            	4.243644e-02
14.05         	4.244300e-02
14.1          	4.244238e-02
14.15         	4.243309e-02
14.2          	4.241616e-02
14.25         	4.239185e-02
14.3          	4.236010e-02
14.35         	4.232080e-02
14.4          	4.227472e-02
14.45         	4.222413e-02
14.5          	4.217212e-02
14.55         	4.212112e-02
14.6          	4.207178e-02
14.65         	4.202414e-02
14.7          	4.197958e-02
14.75         	4.193978e-02
14.8          	4.190431e-02
14.85         	4.187117e-02
14.9          	4.183760e-02
14.95         	4.180028e-02
15            	4.175705e-02
15.05         	4.170955e-02
15.1          	4.166392e-02
15.15         	4.162527e-02
15.2          	4.160373e-02
15.25         	4.159754e-02
15.3          	4.161010e-02
15.35         	4.163536e-02
15.4          	4.167339e-02
15.45         	4.171921e-02
15.5          	4.176959e-02
15.55         	4.182092e-02
15.6          	4.187296e-02
15.65         	4.192524e-02
15.7          	4.197796e-02
15.75         	4.202966e-02
15.8          	4.207970e-02
15.85         	4.212644e-02
15.9          	4.217071e-02
15.95         	4.221067e-02
16            	4.224586e-02
16.05         	4.227622e-02
16.1          	4.229865e-02
16.15         	4.231911e-02
16.2          	4.233033e-02
16.25         	4.233104e-02
16.3          	4.232251e-02
16.35         	4.230274e-02
16.4          	4.226670e-02
16.45         	4.221707e-02
16.5          	4.215139e-02
16.55         	4.206903e-02
16.6          	4.196882e-02
16.65         	4.185078e-02
16.7          	4.171611e-02
16.75         	4.156819e-02
16.8          	4.142071e-02
16.85         	4.129731e-02
16.9          	4.121580e-02
16.95         	4.116609e-02
17            	4.113342e-02
17.05         	4.111841e-02
17.1          	4.111111e-02
17.15         	4.110682e-02
17.2          	4.109866e-02
17.25         	4.109031e-02
17.3          	4.108266e-02
17.35         	4.107608e-02
17.4          	4.107060e-02
17.45         	4.106652e-02
17.5          	4.106463e-02
17.55         	4.106626e-02
17.6          	4.107167e-02
17.65         	4.107953e-02
17.7          	4.108756e-02
17.75         	4.109487e-02
17.8          	4.110206e-02
17.85         	4.110905e-02
17.9          	4.111487e-02
17.95         	4.111594e-02
18            	4.111041e-02
18.05         	4.109855e-02
18.1          	4.108459e-02
18.15         	4.107617e-02
18.2          	4.108260e-02
18.25         	4.110308e-02
18.3          	4.112878e-02
18.35         	4.115548e-02
18.4          	4.118144e-02
18.45         	4.120782e-02
18.5          	4.123818e-02
18.55         	4.127123e-02
18.6          	4.130139e-02
18.65         	4.132639e-02
18.7          	4.134681e-02
18.75         	4.136438e-02
18.8          	4.139661e-02
18.85         	4.142891e-02
18.9          	4.148121e-02
18.95         	4.154878e-02
19            	4.167393e-02
19.05         	4.182020e-02
19.1          	4.190801e-02
19.15         	4.195559e-02
19.2          	4.199092e-02
19.25         	4.200723e-02
19.3          	4.200643e-02
19.35         	4.199175e-02
19.4          	4.196212e-02
19.45         	4.191392e-02
19.5          	4.185315e-02
19.55         	4.179034e-02
19.6          	4.173320e-02
19.65         	4.167550e-02
19.7          	4.162106e-02
19.75         	4.156769e-02
19.8          	4.151982e-02
19.85         	4.147939e-02
19.9          	4.144510e-02
19.95         	4.141744e-02
20            	4.139730e-02
20.05         	4.138902e-02
20.1          	4.138439e-02
20.15         	4.138243e-02
20.2          	4.138612e-02
20.25         	4.138944e-02
20.3          	4.139437e-02
20.35         	4.139728e-02
20.4          	4.139680e-02
20.45         	4.139089e-02
20.5          	4.137877e-02
20.55         	4.135824e-02
20.6          	4.132615e-02
20.65         	4.128290e-02
20.7          	4.123134e-02
20.75         	4.118261e-02
20.8          	4.115657e-02
20.85         	4.115880e-02
20.9          	4.117306e-02
20.95         	4.120109e-02
21            	4.124185e-02
21.05         	4.128105e-02
21.1          	4.132375e-02
21.15         	4.137007e-02
21.2          	4.141017e-02
21.25         	4.145492e-02
21.3          	4.149525e-02
21.35         	4.153346e-02
21.4          	4.156926e-02
21.45         	4.160202e-02
21.5          	4.163955e-02
21.55         	4.167394e-02
21.6          	4.170325e-02
21.65         	4.173778e-02
21.7          	4.177017e-02
21.75         	4.178073e-02
21.8          	4.177043e-02
21.85         	4.173886e-02
21.9          	4.169281e-02
21.95         	4.163812e-02
22            	4.158230e-02
22.05         	4.152217e-02
22.1          	4.146358e-02
22.15         	4.141349e-02
22.2          	4.137456e-02
22.25         	4.134814e-02
22.3          	4.133511e-02
22.35         	4.133394e-02
22.4          	4.134929e-02
22.45         	4.137757e-02
22.5          	4.141306e-02
22.55         	4.146486e-02
22.6          	4.151127e-02
22.65         	4.154694e-02
22.7          	4.157701e-02
22.75         	4.159563e-02
22.8          	4.160756e-02
22.85         	4.160300e-02
22.9          	4.158333e-02
22.95         	4.154356e-02
23            	4.149008e-02
23.05         	4.142425e-02
23.1          	4.136095e-02
23.15         	4.130471e-02
23.2          	4.125349e-02
23.25         	4.120399e-02
23.3          	4.115538e-02
23.35         	4.110771e-02
23.4          	4.105979e-02
23.45         	4.101048e-02
23.5          	4.096180e-02
23.55         	4.091489e-02
23.6          	4.086786e-02
23.65         	4.081882e-02
23.7          	4.077295e-02
23.75         	4.073434e-02
23.8          	4.070366e-02
23.85         	4.067683e-02
23.9          	4.065052e-02
23.95         	4.062401e-02
24            	4.059781e-02
24.05         	4.057342e-02
24.1          	4.055207e-02
24.15         	4.053359e-02
24.2          	4.052098e-02
24.25         	4.051510e-02
24.3          	4.051479e-02
24.35         	4.052156e-02
24.4          	4.052830e-02
24.45         	4.053561e-02
24.5          	4.054454e-02
24.55         	4.055477e-02
24.6          	4.056526e-02
24.65         	4.057649e-02
24.7          	4.058812e-02
24.75         	4.060065e-02
24.8          	4.061489e-02
24.85         	4.062999e-02
24.9          	4.064164e-02
24.95         	4.064597e-02
25            	4.064633e-02
25.05         	4.065137e-02
25.1          	4.067094e-02
25.15         	4.071967e-02
25.2          	4.077608e-02
25.25         	4.083185e-02
25.3          	4.089686e-02
25.35         	4.094888e-02
25.4          	4.099856e-02
25.45         	4.104959e-02
25.5          	4.109082e-02
25.55         	4.113063e-02
25.6          	4.116480e-02
25.65         	4.119391e-02
25.7          	4.122219e-02
25.75         	4.124422e-02
25.8          	4.126167e-02
25.85         	4.127732e-02
25.9          	4.129225e-02
25.95         	4.130704e-02
26            	4.132187e-02
26.05         	4.133530e-02
26.1          	4.134457e-02
26.15         	4.134594e-02
26.2          	4.133569e-02
26.25         	4.131180e-02
26.3          	4.127497e-02
26.35         	4.122875e-02
26.4          	4.117781e-02
26.45         	4.112639e-02
26.5          	4.107831e-02
26.55         	4.103551e-02
26.6          	4.099767e-02
26.65         	4.096560e-02
26.7          	4.094623e-02
26.75         	4.094325e-02
26.8          	4.095874e-02
26.85         	4.098515e-02
26.9          	4.101507e-02
26.95         	4.104345e-02
27            	4.106545e-02
27.05         	4.108230e-02
27.1          	4.108663e-02
27.15         	4.108505e-02
27.2          	4.108229e-02
27.25         	4.107785e-02
27.3          	4.107273e-02
27.35         	4.106752e-02
27.4          	4.106802e-02
27.45         	4.107205e-02
27.5          	4.108368e-02
27.55         	4.110033e-02
27.6          	4.112801e-02
27.65         	4.116718e-02
27.7          	4.121711e-02
27.75         	4.127280e-02
27.8          	4.133602e-02
27.85         	4.140861e-02
27.9          	4.148418e-02
27.95         	4.156141e-02
28            	4.163768e-02
28.05         	4.170958e-02
28.1          	4.177469e-02
28.15         	4.183118e-02
28.2          	4.187425e-02
28.25         	4.190280e-02
28.3          	4.191835e-02
28.35         	4.191824e-02
28.4          	4.190576e-02
28.45         	4.188234e-02
28.5          	4.185186e-02
28.55         	4.181568e-02
28.6          	4.177505e-02
28.65         	4.172920e-02
28.7          	4.167933e-02
28.75         	4.162168e-02
28.8          	4.155752e-02
28.85         	4.148650e-02
28.9          	4.140949e-02
28.95         	4.132626e-02
29            	4.123492e-02
29.05         	4.113370e-02
29.1          	4.102507e-02
29.15         	4.091728e-02
29.2          	4.081747e-02
29.25         	4.072600e-02
29.3          	4.064148e-02
29.35         	4.056052e-02
29.4          	4.048360e-02
29.45         	4.041275e-02
29.5          	4.035064e-02
29.55         	4.029936e-02
29.6          	4.026024e-02
29.65         	4.023338e-02
29.7          	4.021725e-02
29.75         	4.021208e-02
29.8          	4.021575e-02
29.85         	4.022660e-02
29.9          	4.024609e-02
29.95         	4.027160e-02
30            	4.029956e-02
30.05         	4.033204e-02
30.1          	4.037006e-02
30.15         	4.041453e-02
30.2          	4.046597e-02
30.25         	4.052476e-02
30.3          	4.059150e-02
30.35         	4.066580e-02
30.4          	4.074569e-02
30.45         	4.083006e-02
30.5          	4.091885e-02
30.55         	4.100385e-02
30.6          	4.108429e-02
30.65         	4.115339e-02
30.7          	4.120818e-02
30.75         	4.125894e-02
30.8          	4.130536e-02
30.85         	4.134791e-02
30.9          	4.139145e-02
30.95         	4.143222e-02
31            	4.146980e-02
31.05         	4.151362e-02
31.1          	4.157134e-02
31.15         	4.164443e-02
31.2          	4.171801e-02
31.25         	4.179096e-02
31.3          	4.185625e-02
31.35         	4.190660e-02
31.4          	4.194077e-02
31.45         	4.196217e-02
31.5          	4.197580e-02
31.55         	4.197071e-02
31.6          	4.194878e-02
31.65         	4.191334e-02
31.7          	4.186574e-02
31.75         	4.181326e-02
31.8          	4.176104e-02
31.85         	4.171686e-02
31.9          	4.168048e-02
31.95         	4.165148e-02
32            	4.163230e-02
32.05         	4.162197e-02
32.1          	4.162357e-02
32.15         	4.163281e-02
32.2          	4.166550e-02
32.25         	4.169764e-02
32.3          	4.173371e-02
32.35         	4.177638e-02
32.4          	4.181905e-02
32.45         	4.186032e-02
32.5          	4.189637e-02
32.55         	4.192485e-02
32.6          	4.194554e-02
32.65         	4.195867e-02
32.7          	4.196526e-02
32.75         	4.196601e-02
32.8          	4.196100e-02
32.85         	4.194886e-02
32.9          	4.192661e-02
32.95         	4.189036e-02
33            	4.183567e-02
33.05         	4.175973e-02
33.1          	4.166465e-02
33.15         	4.156565e-02
33.2          	4.147253e-02
33.25         	4.139953e-02
33.3          	4.134855e-02
33.35         	4.132592e-02
33.4          	4.131384e-02
33.45         	4.131309e-02
33.5          	4.131428e-02
33.55         	4.132694e-02
33.6          	4.134020e-02
33.65         	4.134000e-02
33.7          	4.134183e-02
33.75         	4.134966e-02
33.8          	4.137028e-02
33.85         	4.141490e-02
33.9          	4.145888e-02
33.95         	4.149655e-02
34            	4.153187e-02
34.05         	4.155858e-02
34.1          	4.158210e-02
34.15         	4.160592e-02
34.2          	4.163319e-02
34.25         	4.165763e-02
34.3          	4.167441e-02
34.35         	4.168216e-02
34.4          	4.168204e-02
34.45         	4.167615e-02
34.5          	4.166673e-02
34.55         	4.166042e-02
34.6          	4.165616e-02
34.65         	4.165130e-02
34.7          	4.164445e-02
34.75         	4.163789e-02
34.8          	4.163379e-02
34.85         	4.163341e-02
34.9          	4.163682e-02
34.95         	4.164324e-02
35            	4.165033e-02
35.05         	4.165583e-02
35.1          	4.165916e-02
35.15         	4.166188e-02
35.2          	4.166662e-02
35.25         	4.167819e-02
35.3          	4.169185e-02
35.35         	4.170253e-02
35.4          	4.170887e-02
35.45         	4.170161e-02
35.5          	4.169888e-02
35.55         	4.169987e-02
35.6          	4.168420e-02
35.65         	4.166309e-02
35.7          	4.162440e-02
35.75         	4.155805e-02
35.8          	4.148071e-02
35.85         	4.140315e-02
35.9          	4.131939e-02
35.95         	4.123971e-02
36            	4.117268e-02
36.05         	4.111946e-02
36.1          	4.106916e-02
36.15         	4.101654e-02
36.2          	4.095890e-02
36.25         	4.089951e-02
36.3          	4.084387e-02
36.35         	4.079525e-02
36.4          	4.075885e-02
36.45         	4.073635e-02
36.5          	4.072475e-02
36.55         	4.071851e-02
36.6          	4.071380e-02
36.65         	4.071183e-02
36.7          	4.071621e-02
36.75         	4.071790e-02
36.8          	4.071805e-02
36.85         	4.071866e-02
36.9          	4.072571e-02
36.95         	4.074136e-02
37            	4.076892e-02
37.05         	4.081053e-02
37.1          	4.086636e-02
37.15         	4.092930e-02
37.2          	4.098347e-02
37.25         	4.101879e-02
37.3          	4.103457e-02
37.35         	4.103480e-02
37.4          	4.102308e-02
37.45         	4.100671e-02
37.5          	4.099363e-02
37.55         	4.098775e-02
37.6          	4.098800e-02
37.65         	4.098640e-02
37.7          	4.098058e-02
37.75         	4.096993e-02
37.8          	4.095315e-02
37.85         	4.092795e-02
37.9          	4.089603e-02
37.95         	4.085997e-02
38            	4.081690e-02
38.05         	4.076942e-02
38.1          	4.072154e-02
38.15         	4.066583e-02
38.2          	4.060674e-02
38.25         	4.054552e-02
38.3          	4.048351e-02
38.35         	4.042217e-02
38.4          	4.036334e-02
38.45         	4.031037e-02
38.5          	4.026774e-02
38.55         	4.024014e-02
38.6          	4.023054e-02
38.65         	4.023774e-02
38.7          	4.025849e-02
38.75         	4.028866e-02
38.8          	4.032331e-02
38.85         	4.035769e-02
38.9          	4.038806e-02
38.95         	4.041224e-02
39            	4.042967e-02
39.05         	4.044111e-02
39.1          	4.044856e-02
39.15         	4.046403e-02
39.2          	4.049067e-02
39.25         	4.052563e-02
39.3          	4.057251e-02
39.35         	4.063852e-02
39.4          	4.070985e-02
39.45         	4.078320e-02
39.5          	4.086552e-02
39.55         	4.094245e-02
39.6          	4.101994e-02
39.65         	4.108903e-02
39.7          	4.115154e-02
39.75         	4.120227e-02
39.8          	4.124411e-02
39.85         	4.127862e-02
39.9          	4.129201e-02
39.95         	4.129938e-02
40            	4.129134e-02
40.05         	4.127091e-02
40.1          	4.123769e-02
40.15         	4.119198e-02
40.2          	4.113551e-02
40.25         	4.106713e-02
40.3          	4.098807e-02
40.35         	4.090062e-02
40.4          	4.081024e-02
40.45         	4.072200e-02
40.5          	4.063111e-02
40.55         	4.054066e-02
40.6          	4.045282e-02
40.65         	4.036877e-02
40.7          	4.029390e-02
40.75         	4.022648e-02
40.8          	4.017689e-02
40.85         	4.014418e-02
40.9          	4.011514e-02
40.95         	4.009799e-02
41            	4.009503e-02
41.05         	4.010534e-02
41.1          	4.012950e-02
41.15         	4.016666e-02
41.2          	4.021480e-02
41.25         	4.027024e-02
41.3          	4.032790e-02
41.35         	4.038421e-02
41.4          	4.043581e-02
41.45         	4.048429e-02
41.5          	4.052999e-02
41.55         	4.057373e-02
41.6          	4.061355e-02
41.65         	4.064872e-02
41.7          	4.067735e-02
41.75         	4.069681e-02
41.8          	4.070667e-02
41.85         	4.070810e-02
41.9          	4.070451e-02
41.95         	4.069814e-02
42            	4.069001e-02
42.05         	4.067969e-02
42.1          	4.066694e-02
42.15         	4.065256e-02
42.2          	4.063736e-02
42.25         	4.062289e-02
42.3          	4.061097e-02
42.35         	4.060527e-02
42.4          	4.060481e-02
42.45         	4.060986e-02
42.5          	4.062555e-02
42.55         	4.064241e-02
42.6          	4.065977e-02
42.65         	4.067915e-02
42.7          	4.070166e-02
42.75         	4.073016e-02
42.8          	4.076594e-02
42.85         	4.080778e-02
42.9          	4.085274e-02
42.95         	4.089643e-02
43            	4.093424e-02
43.05         	4.096558e-02
43.1          	4.099258e-02
43.15         	4.101794e-02
43.2          	4.104637e-02
43.25         	4.107878e-02
43.3          	4.111067e-02
43.35         	4.113514e-02
43.4          	4.114666e-02
43.45         	4.114503e-02
43.5          	4.113050e-02
43.55         	4.110392e-02
43.6          	4.107547e-02
43.65         	4.105094e-02
43.7          	4.103452e-02
43.75         	4.102607e-02
43.8          	4.102585e-02
43.85         	4.103502e-02
43.9          	4.105113e-02
43.95         	4.107374e-02
44            	4.110336e-02
44.05         	4.113911e-02
44.1          	4.117765e-02
44.15         	4.121488e-02
44.2          	4.124691e-02
44.25         	4.127336e-02
44.3          	4.129574e-02
44.35         	4.131585e-02
44.4          	4.133509e-02
44.45         	4.135283e-02
44.5          	4.136811e-02
44.55         	4.138109e-02
44.6          	4.139200e-02
44.65         	4.140057e-02
44.7          	4.140668e-02
44.75         	4.140817e-02
44.8          	4.140453e-02
44.85         	4.139577e-02
44.9          	4.138333e-02
44.95         	4.136914e-02
45            	4.135421e-02
45.05         	4.133782e-02
45.1          	4.131879e-02
45.15         	4.129675e-02
45.2          	4.127159e-02
45.25         	4.124330e-02
45.3          	4.121159e-02
45.35         	4.117666e-02
45.4          	4.113826e-02
45.45         	4.109677e-02
45.5          	4.105046e-02
45.55         	4.099853e-02
45.6          	4.093881e-02
45.65         	4.086926e-02
45.7          	4.079091e-02
45.75         	4.070960e-02
45.8          	4.062928e-02
45.85         	4.054790e-02
45.9          	4.046493e-02
45.95         	4.037770e-02
46            	4.028627e-02
46.05         	4.020236e-02
46.1          	4.013630e-02
46.15         	4.009972e-02
46.2          	4.010389e-02
46.25         	4.013544e-02
46.3          	4.017983e-02
46.35         	4.022718e-02
46.4          	4.027470e-02
46.45         	4.032160e-02
46.5          	4.036700e-02
46.55         	4.041062e-02
46.6          	4.045216e-02
46.65         	4.049164e-02
46.7          	4.052921e-02
46.75         	4.056516e-02
46.8          	4.059967e-02
46.85         	4.063280e-02
46.9          	4.066530e-02
46.95         	4.069884e-02
47            	4.073532e-02
47.05         	4.077612e-02
47.1          	4.082134e-02
47.15         	4.086889e-02
47.2          	4.091553e-02
47.25         	4.095882e-02
47.3          	4.099665e-02
47.35         	4.102789e-02
47.4          	4.105386e-02
47.45         	4.107720e-02
47.5          	4.110022e-02
47.55         	4.112745e-02
47.6          	4.116030e-02
47.65         	4.119407e-02
47.7          	4.122703e-02
47.75         	4.125592e-02
47.8          	4.127569e-02
47.85         	4.128484e-02
47.9          	4.128304e-02
47.95         	4.127162e-02
48            	4.124906e-02
48.05         	4.121686e-02
48.1          	4.117909e-02
48.15         	4.113580e-02
48.2          	4.108598e-02
48.25         	4.103141e-02
48.3          	4.096927e-02
48.35         	4.090800e-02
48.4          	4.084314e-02
48.45         	4.077393e-02
48.5          	4.070219e-02
48.55         	4.064233e-02
48.6          	4.059943e-02
48.65         	4.057430e-02
48.7          	4.056298e-02
48.75         	4.056169e-02
48.8          	4.056653e-02
48.85         	4.057742e-02
48.9          	4.059169e-02
48.95         	4.060824e-02
49            	4.062711e-02
49.05         	4.064834e-02
49.1          	4.067220e-02
49.15         	4.069880e-02
49.2          	4.072846e-02
49.25         	4.076160e-02
49.3          	4.079877e-02
49.35         	4.083993e-02
49.4          	4.088452e-02
49.45         	4.093215e-02
49.5          	4.098159e-02
49.55         	4.103187e-02
49.6          	4.108185e-02
49.65         	4.113016e-02
49.7          	4.117595e-02
49.75         	4.121879e-02
49.8          	4.125806e-02
49.85         	4.129342e-02
49.9          	4.132518e-02
49.95         	4.135367e-02
50            	4.137884e-02
50.05         	4.140024e-02
50.1          	4.141692e-02
50.15         	4.142922e-02
50.2          	4.143778e-02
50.25         	4.144320e-02
50.3          	4.144570e-02
50.35         	4.144328e-02
50.4          	4.143839e-02
50.45         	4.143332e-02
50.5          	4.142554e-02
50.55         	4.142447e-02
50.6          	4.142852e-02
50.65         	4.142696e-02
50.7          	4.142103e-02
50.75         	4.141760e-02
50.8          	4.142383e-02
50.85         	4.142976e-02
50.9          	4.141288e-02
50.95         	4.139524e-02
51            	4.136182e-02
51.05         	4.130478e-02
51.1          	4.123967e-02
51.15         	4.117835e-02
51.2          	4.112965e-02
51.25         	4.108259e-02
51.3          	4.104428e-02
51.35         	4.101782e-02
51.4          	4.100442e-02
51.45         	4.100085e-02
51.5          	4.100464e-02
51.55         	4.101524e-02
51.6          	4.103278e-02
51.65         	4.105618e-02
51.7          	4.108239e-02
51.75         	4.110838e-02
51.8          	4.113154e-02
51.85         	4.115076e-02
51.9          	4.116650e-02
51.95         	4.118106e-02
52            	4.119557e-02
52.05         	4.120660e-02
52.1          	4.121443e-02
52.15         	4.122096e-02
52.2          	4.122378e-02
52.25         	4.122391e-02
52.3          	4.122496e-02
52.35         	4.122510e-02
52.4          	4.122319e-02
52.45         	4.122679e-02
52.5          	4.122787e-02
52.55         	4.122247e-02
52.6          	4.120172e-02
52.65         	4.115656e-02
52.7          	4.109716e-02
52.75         	4.103267e-02
52.8          	4.095543e-02
52.85         	4.088292e-02
52.9          	4.083195e-02
52.95         	4.080690e-02
53            	4.079778e-02
53.05         	4.079466e-02
53.1          	4.079761e-02
53.15         	4.080313e-02
53.2          	4.081363e-02
53.25         	4.082218e-02
53.3          	4.082386e-02
53.35         	4.081996e-02
53.4          	4.080146e-02
53.45         	4.076357e-02
53.5          	4.070519e-02
53.55         	4.063490e-02
53.6          	4.057672e-02
53.65         	4.053240e-02
53.7          	4.050696e-02
53.75         	4.050513e-02
53.8          	4.052917e-02
53.85         	4.056445e-02
53.9          	4.060594e-02
53.95         	4.064834e-02
54            	4.068132e-02
54.05         	4.069992e-02
54.1          	4.070570e-02
54.15         	4.069805e-02
54.2          	4.067412e-02
54.25         	4.064243e-02
54.3          	4.062938e-02
54.35         	4.063629e-02
54.4          	4.065347e-02
54.45         	4.068768e-02
54.5          	4.073235e-02
54.55         	4.078685e-02
54.6          	4.084993e-02
54.65         	4.091099e-02
54.7          	4.096667e-02
54.75         	4.102393e-02
54.8          	4.107930e-02
54.85         	4.113173e-02
54.9          	4.117632e-02
54.95         	4.121172e-02
55            	4.122353e-02
55.05         	4.120772e-02
55.1          	4.117411e-02
55.15         	4.112753e-02
55.2          	4.108000e-02
55.25         	4.103212e-02
55.3          	4.098934e-02
55.35         	4.095088e-02
55.4          	4.091415e-02
55.45         	4.087626e-02
55.5          	4.083589e-02
55.55         	4.079295e-02
55.6          	4.074751e-02
55.65         	4.070121e-02
55.7          	4.065789e-02
55.75         	4.062308e-02
55.8          	4.060158e-02
55.85         	4.059437e-02
55.9          	4.059495e-02
55.95         	4.060262e-02
56            	4.061949e-02
56.05         	4.064560e-02
56.1          	4.068653e-02
56.15         	4.072636e-02
56.2          	4.076923e-02
56.25         	4.080330e-02
56.3          	4.082768e-02
56.35         	4.083215e-02
56.4          	4.082221e-02
56.45         	4.081203e-02
56.5          	4.081126e-02
56.55         	4.082358e-02
56.6          	4.085125e-02
56.65         	4.089555e-02
56.7          	4.095297e-02
56.75         	4.101879e-02
56.8          	4.108312e-02
56.85         	4.114269e-02
56.9          	4.120161e-02
56.95         	4.125587e-02
57            	4.131300e-02
57.05         	4.136538e-02
57.1          	4.142288e-02
57.15         	4.147991e-02
57.2          	4.154026e-02
57.25         	4.159090e-02
57.3          	4.163845e-02
57.35         	4.168142e-02
57.4          	4.172294e-02
57.45         	4.175662e-02
57.5          	4.179145e-02
57.55         	4.181628e-02
57.6          	4.183311e-02
57.65         	4.184260e-02
57.7          	4.184457e-02
57.75         	4.183828e-02
57.8          	4.182279e-02
57.85         	4.179621e-02
57.9          	4.175748e-02
57.95         	4.170943e-02
58            	4.165728e-02
58.05         	4.160626e-02
58.1          	4.156137e-02
58.15         	4.152525e-02
58.2          	4.149947e-02
58.25         	4.148477e-02
58.3          	4.147869e-02
58.35         	4.148121e-02
58.4          	4.149500e-02
58.45         	4.152391e-02
58.5          	4.156343e-02
58.55         	4.160282e-02
58.6          	4.163428e-02
58.65         	4.165601e-02
58.7          	4.166812e-02
58.75         	4.166780e-02
58.8          	4.165598e-02
58.85         	4.163560e-02
58.9          	4.160814e-02
58.95         	4.157713e-02
59            	4.154267e-02
59.05         	4.150852e-02
59.1          	4.147833e-02
59.15         	4.145484e-02
59.2          	4.143860e-02
59.25         	4.142727e-02
59.3          	4.141681e-02
59.35         	4.140910e-02
59.4          	4.141451e-02
59.45         	4.142876e-02
59.5          	4.145257e-02
59.55         	4.147938e-02
59.6          	4.150611e-02
59.65         	4.153244e-02
59.7          	4.155126e-02
59.75         	4.156133e-02
59.8          	4.155895e-02
59.85         	4.154345e-02
59.9          	4.151270e-02
59.95         	4.146823e-02
60            	4.140647e-02
60.05         	4.132802e-02
60.1          	4.124420e-02
60.15         	4.118570e-02
60.2          	4.117385e-02
60.25         	4.118978e-02
60.3          	4.121363e-02
60.35         	4.123662e-02
60.4          	4.125495e-02
60.45         	4.127096e-02
60.5          	4.128130e-02
60.55         	4.128482e-02
60.6          	4.127895e-02
60.65         	4.126646e-02
60.7          	4.125046e-02
60.75         	4.123384e-02
60.8          	4.120781e-02
60.85         	4.117611e-02
60.9          	4.113928e-02
60.95         	4.108906e-02
61            	4.103181e-02
61.05         	4.096809e-02
61.1          	4.089831e-02
61.15         	4.083203e-02
61.2          	4.077949e-02
61.25         	4.075352e-02
61.3          	4.075151e-02
61.35         	4.076515e-02
61.4          	4.078657e-02
61.45         	4.081272e-02
61.5          	4.084162e-02
61.55         	4.087222e-02
61.6          	4.089627e-02
61.65         	4.091537e-02
61.7          	4.092854e-02
61.75         	4.094354e-02
61.8          	4.096849e-02
61.85         	4.099093e-02
61.9          	4.101277e-02
61.95         	4.103809e-02
62            	4.107020e-02
62.05         	4.110463e-02
62.1          	4.114412e-02
62.15         	4.118290e-02
62.2          	4.122233e-02
62.25         	4.126051e-02
62.3          	4.129562e-02
62.35         	4.132359e-02
62.4          	4.133823e-02
62.45         	4.133447e-02
62.5          	4.130891e-02
62.55         	4.126361e-02
62.6          	4.120789e-02
62.65         	4.115265e-02
62.7          	4.109899e-02
62.75         	4.105039e-02
62.8          	4.101910e-02
62.85         	4.100137e-02
62.9          	4.098375e-02
62.95         	4.096056e-02
63            	4.093050e-02
63.05         	4.089241e-02
63.1          	4.084501e-02
63.15         	4.078770e-02
63.2          	4.072322e-02
63.25         	4.065593e-02
63.3          	4.059013e-02
63.35         	4.053108e-02
63.4          	4.049147e-02
63.45         	4.047980e-02
63.5          	4.048468e-02
63.55         	4.049315e-02
63.6          	4.050113e-02
63.65         	4.050795e-02
63.7          	4.051269e-02
63.75         	4.051594e-02
63.8          	4.052030e-02
63.85         	4.052793e-02
63.9          	4.053761e-02
63.95         	4.055439e-02
64            	4.058101e-02
64.05         	4.061543e-02
64.1          	4.065291e-02
64.15         	4.068290e-02
64.2          	4.070668e-02
64.25         	4.072349e-02
64.3          	4.074090e-02
64.35         	4.076255e-02
64.4          	4.078603e-02
64.45         	4.080586e-02
64.5          	4.082516e-02
64.55         	4.086118e-02
64.6          	4.090961e-02
64.65         	4.096216e-02
64.7          	4.102167e-02
64.75         	4.110751e-02
64.8          	4.119475e-02
64.85         	4.130821e-02
64.9          	4.140633e-02
64.95         	4.144915e-02
65            	4.149540e-02
65.05         	4.153364e-02
65.1          	4.155840e-02
65.15         	4.157509e-02
65.2          	4.159113e-02
65.25         	4.161042e-02
65.3          	4.163502e-02
65.35         	4.166338e-02
65.4          	4.168329e-02
65.45         	4.168625e-02
65.5          	4.166964e-02
65.55         	4.163807e-02
65.6          	4.159833e-02
65.65         	4.155639e-02
65.7          	4.151600e-02
65.75         	4.148019e-02
65.8          	4.145460e-02
65.85         	4.143895e-02
65.9          	4.142985e-02
65.95         	4.142717e-02
66            	4.143134e-02
66.05         	4.143815e-02
66.1          	4.144001e-02
66.15         	4.143903e-02
66.2          	4.144243e-02
66.25         	4.145442e-02
66.3          	4.147190e-02
66.35         	4.149494e-02
66.4          	4.152061e-02
66.45         	4.154674e-02
66.5          	4.157328e-02
66.55         	4.159935e-02
66.6          	4.162516e-02
66.65         	4.165006e-02
66.7          	4.167377e-02
66.75         	4.169591e-02
66.8          	4.171647e-02
66.85         	4.173683e-02
66.9          	4.175539e-02
66.95         	4.177380e-02
67            	4.178789e-02
67.05         	4.179810e-02
67.1          	4.180507e-02
67.15         	4.180845e-02
67.2          	4.180830e-02
67.25         	4.180393e-02
67.3          	4.179435e-02
67.35         	4.177785e-02
67.4          	4.175315e-02
67.45         	4.171901e-02
67.5          	4.167450e-02
67.55         	4.161994e-02
67.6          	4.155643e-02
67.65         	4.148364e-02
67.7          	4.140188e-02
67.75         	4.131178e-02
67.8          	4.121719e-02
67.85         	4.112053e-02
67.9          	4.102811e-02
67.95         	4.094503e-02
68            	4.087090e-02
68.05         	4.080758e-02
68.1          	4.076411e-02
68.15         	4.074041e-02
68.2          	4.072398e-02
68.25         	4.069918e-02
68.3          	4.066266e-02
68.35         	4.062721e-02
68.4          	4.059202e-02
68.45         	4.056681e-02
68.5          	4.057228e-02
68.55         	4.059719e-02
68.6          	4.063024e-02
68.65         	4.066780e-02
68.7          	4.070940e-02
68.75         	4.075372e-02
68.8          	4.079675e-02
68.85         	4.084222e-02
68.9          	4.088945e-02
68.95         	4.093637e-02
69            	4.097972e-02
69.05         	4.101603e-02
69.1          	4.104388e-02
69.15         	4.106798e-02
69.2          	4.109022e-02
69.25         	4.110975e-02
69.3          	4.112655e-02
69.35         	4.113972e-02
69.4          	4.114861e-02
69.45         	4.115404e-02
69.5          	4.115776e-02
69.55         	4.115978e-02
69.6          	4.115894e-02
69.65         	4.115494e-02
69.7          	4.114805e-02
69.75         	4.113844e-02
69.8          	4.112742e-02
69.85         	4.111746e-02
69.9          	4.111448e-02
69.95         	4.112003e-02
70            	4.113419e-02
70.05         	4.115277e-02
70.1          	4.117980e-02
70.15         	4.120449e-02
70.2          	4.123847e-02
70.25         	4.126089e-02
70.3          	4.128764e-02
70.35         	4.131104e-02
70.4          	4.132262e-02
70.45         	4.132601e-02
70.5          	4.132344e-02
70.55         	4.131868e-02
70.6          	4.130785e-02
70.65         	4.128839e-02
70.7          	4.125859e-02
70.75         	4.122928e-02
70.8          	4.119298e-02
70.85         	4.115110e-02
70.9          	4.110476e-02
70.95         	4.105831e-02
71            	4.101365e-02
71.05         	4.097075e-02
71.1          	4.092627e-02
71.15         	4.088041e-02
71.2          	4.083815e-02
71.25         	4.080443e-02
71.3          	4.078515e-02
71.35         	4.077732e-02
71.4          	4.077545e-02
71.45         	4.078033e-02
71.5          	4.079565e-02
71.55         	4.082184e-02
71.6          	4.085855e-02
71.65         	4.090618e-02
71.7          	4.096176e-02
71.75         	4.101615e-02
71.8          	4.106282e-02
71.85         	4.109975e-02
71.9          	4.112513e-02
71.95         	4.113666e-02
72            	4.113306e-02
72.05         	4.111465e-02
72.1          	4.108480e-02
72.15         	4.104968e-02
72.2          	4.101596e-02
72.25         	4.098835e-02
72.3          	4.096949e-02
72.35         	4.096249e-02
72.4          	4.096694e-02
72.45         	4.098023e-02
72.5          	4.099925e-02
72.55         	4.102184e-02
72.6          	4.104659e-02
72.65         	4.107233e-02
72.7          	4.109701e-02
72.75         	4.111638e-02
72.8          	4.112804e-02
72.85         	4.113166e-02
72.9          	4.113061e-02
72.95         	4.113091e-02
73            	4.113595e-02
73.05         	4.114242e-02
73.1          	4.114270e-02
73.15         	4.113200e-02
73.2          	4.111321e-02
73.25         	4.109508e-02
73.3          	4.108672e-02
73.35         	4.109374e-02
73.4          	4.111318e-02
73.45         	4.113993e-02
73.5          	4.117023e-02
73.55         	4.119996e-02
73.6          	4.122835e-02
73.65         	4.126046e-02
73.7          	4.129901e-02
73.75         	4.134421e-02
73.8          	4.139537e-02
73.85         	4.145162e-02
73.9          	4.151246e-02
73.95         	4.157848e-02
74            	4.164861e-02
74.05         	4.172098e-02
74.1          	4.179442e-02
74.15         	4.186466e-02
74.2          	4.192911e-02
74.25         	4.198647e-02
74.3          	4.203545e-02
74.35         	4.207335e-02
74.4          	4.209644e-02
74.45         	4.210088e-02
74.5          	4.208396e-02
74.55         	4.204461e-02
74.6          	4.198558e-02
74.65         	4.191519e-02
74.7          	4.184314e-02
74.75         	4.177602e-02
74.8          	4.172280e-02
74.85         	4.169015e-02
74.9          	4.167376e-02
74.95         	4.166432e-02
75            	4.165610e-02
75.05         	4.164566e-02
75.1          	4.163033e-02
75.15         	4.160362e-02
75.2          	4.156147e-02
75.25         	4.150604e-02
75.3          	4.144405e-02
75.35         	4.138467e-02
75.4          	4.133427e-02
75.45         	4.129203e-02
75.5          	4.125355e-02
75.55         	4.121812e-02
75.6          	4.118862e-02
75.65         	4.116695e-02
75.7          	4.115180e-02
75.75         	4.113864e-02
75.8          	4.112380e-02
75.85         	4.110306e-02
75.9          	4.108106e-02
75.95         	4.106399e-02
76            	4.104879e-02
76.05         	4.103275e-02
76.1          	4.101514e-02
76.15         	4.099678e-02
76.2          	4.097944e-02
76.25         	4.096413e-02
76.3          	4.095108e-02
76.35         	4.094020e-02
76.4          	4.093281e-02
76.45         	4.093146e-02
76.5          	4.093800e-02
76.55         	4.095085e-02
76.6          	4.096653e-02
76.65         	4.098063e-02
76.7          	4.099010e-02
76.75         	4.099553e-02
76.8          	4.099835e-02
76.85         	4.099585e-02
76.9          	4.098590e-02
76.95         	4.096263e-02
77            	4.092299e-02
77.05         	4.086088e-02
77.1          	4.079354e-02
77.15         	4.073979e-02
77.2          	4.070935e-02
77.25         	4.070535e-02
77.3          	4.071693e-02
77.35         	4.073952e-02
77.4          	4.076235e-02
77.45         	4.078278e-02
77.5          	4.079862e-02
77.55         	4.081213e-02
77.6          	4.082992e-02
77.65         	4.086063e-02
77.7          	4.090535e-02
77.75         	4.095795e-02
77.8          	4.101576e-02
77.85         	4.108111e-02
77.9          	4.114733e-02
77.95         	4.120526e-02
78            	4.124907e-02
78.05         	4.128258e-02
78.1          	4.131514e-02
78.15         	4.135456e-02
78.2          	4.139938e-02
78.25         	4.144524e-02
78.3          	4.148823e-02
78.35         	4.152489e-02
78.4          	4.155190e-02
78.45         	4.156612e-02
78.5          	4.156509e-02
78.55         	4.154770e-02
78.6          	4.151418e-02
78.65         	4.146747e-02
78.7          	4.141246e-02
78.75         	4.135377e-02
78.8          	4.129350e-02
78.85         	4.123552e-02
78.9          	4.118337e-02
78.95         	4.113748e-02
79            	4.109642e-02
79.05         	4.105597e-02
79.1          	4.101081e-02
79.15         	4.095660e-02
79.2          	4.089438e-02
79.25         	4.083068e-02
79.3          	4.077090e-02
79.35         	4.071842e-02
79.4          	4.067541e-02
79.45         	4.064377e-02
79.5          	4.062766e-02
79.55         	4.062327e-02
79.6          	4.062518e-02
79.65         	4.063147e-02
79.7          	4.063891e-02
79.75         	4.064625e-02
79.8          	4.065907e-02
79.85         	4.067942e-02
79.9          	4.070673e-02
79.95         	4.073732e-02
80            	4.076684e-02
80.05         	4.079122e-02
80.1          	4.080799e-02
80.15         	4.081595e-02
80.2          	4.081454e-02
80.25         	4.080355e-02
80.3          	4.078430e-02
80.35         	4.076106e-02
80.4          	4.074031e-02
80.45         	4.073013e-02
80.5          	4.073620e-02
80.55         	4.075811e-02
80.6          	4.079329e-02
80.65         	4.084209e-02
80.7          	4.090166e-02
80.75         	4.096892e-02
80.8          	4.103976e-02
80.85         	4.111333e-02
80.9          	4.118923e-02
80.95         	4.126512e-02
81            	4.133613e-02
81.05         	4.139748e-02
81.1          	4.144344e-02
81.15         	4.147578e-02
81.2          	4.149738e-02
81.25         	4.151136e-02
81.3          	4.151658e-02
81.35         	4.151053e-02
81.4          	4.149132e-02
81.45         	4.145997e-02
81.5          	4.142156e-02
81.55         	4.138781e-02
81.6          	4.137441e-02
81.65         	4.138373e-02
81.7          	4.141110e-02
81.75         	4.145142e-02
81.8          	4.150707e-02
81.85         	4.158854e-02
81.9          	4.167604e-02
81.95         	4.176433e-02
82            	4.185813e-02
82.05         	4.193758e-02
82.1          	4.199823e-02
82.15         	4.206230e-02
82.2          	4.209584e-02
82.25         	4.211992e-02
82.3          	4.212937e-02
82.35         	4.212615e-02
82.4          	4.211374e-02
82.45         	4.209059e-02
82.5          	4.206148e-02
82.55         	4.201778e-02
82.6          	4.195800e-02
82.65         	4.189273e-02
82.7          	4.182104e-02
82.75         	4.174866e-02
82.8          	4.167687e-02
82.85         	4.161440e-02
82.9          	4.154739e-02
82.95         	4.148336e-02
83            	4.144172e-02
83.05         	4.143338e-02
83.1          	4.143123e-02
83.15         	4.142578e-02
83.2          	4.141458e-02
83.25         	4.139679e-02
83.3          	4.137127e-02
83.35         	4.133842e-02
83.4          	4.129937e-02
83.45         	4.125742e-02
83.5          	4.121875e-02
83.55         	4.118882e-02
83.6          	4.116787e-02
83.65         	4.115409e-02
83.7          	4.114631e-02
83.75         	4.114385e-02
83.8          	4.114642e-02
83.85         	4.115413e-02
83.9          	4.116755e-02
83.95         	4.118729e-02
84            	4.121308e-02
84.05         	4.124397e-02
84.1          	4.127759e-02
84.15         	4.131088e-02
84.2          	4.133969e-02
84.25         	4.136293e-02
84.3          	4.138326e-02
84.35         	4.140897e-02
84.4          	4.145114e-02
84.45         	4.149868e-02
84.5          	4.154438e-02
84.55         	4.158424e-02
84.6          	4.161084e-02
84.65         	4.162747e-02
84.7          	4.163657e-02
84.75         	4.163380e-02
84.8          	4.162170e-02
84.85         	4.160356e-02
84.9          	4.158332e-02
84.95         	4.156751e-02
85            	4.155582e-02
85.05         	4.154607e-02
85.1          	4.154699e-02
85.15         	4.154405e-02
85.2          	4.154442e-02
85.25         	4.154028e-02
85.3          	4.153042e-02
85.35         	4.151832e-02
85.4          	4.150288e-02
85.45         	4.148421e-02
85.5          	4.146675e-02
85.55         	4.144208e-02
85.6          	4.142138e-02
85.65         	4.141138e-02
85.7          	4.141274e-02
85.75         	4.142662e-02
85.8          	4.145516e-02
85.85         	4.148347e-02
85.9          	4.150109e-02
85.95         	4.150457e-02
86            	4.148664e-02
86.05         	4.146185e-02
86.1          	4.143763e-02
86.15         	4.140614e-02
86.2          	4.137103e-02
86.25         	4.133046e-02
86.3          	4.128724e-02
86.35         	4.123590e-02
86.4          	4.117569e-02
86.45         	4.110911e-02
86.5          	4.104164e-02
86.55         	4.097863e-02
86.6          	4.092045e-02
86.65         	4.087069e-02
86.7          	4.083293e-02
86.75         	4.080535e-02
86.8          	4.078280e-02
86.85         	4.076274e-02
86.9          	4.074506e-02
86.95         	4.072837e-02
87            	4.071120e-02
87.05         	4.070029e-02
87.1          	4.070117e-02
87.15         	4.071730e-02
87.2          	4.075993e-02
87.25         	4.082089e-02
87.3          	4.088205e-02
87.35         	4.094806e-02
87.4          	4.101058e-02
87.45         	4.106286e-02
87.5          	4.109974e-02
87.55         	4.113404e-02
87.6          	4.116225e-02
87.65         	4.119214e-02
87.7          	4.121861e-02
87.75         	4.124067e-02
87.8          	4.125800e-02
87.85         	4.126713e-02
87.9          	4.126564e-02
87.95         	4.125430e-02
88            	4.123372e-02
88.05         	4.120417e-02
88.1          	4.116495e-02
88.15         	4.111988e-02
88.2          	4.108293e-02
88.25         	4.106441e-02
88.3          	4.106745e-02
88.35         	4.108748e-02
88.4          	4.111723e-02
88.45         	4.114826e-02
88.5          	4.116695e-02
88.55         	4.118137e-02
88.6          	4.118660e-02
88.65         	4.119615e-02
88.7          	4.120520e-02
88.75         	4.122196e-02
88.8          	4.124966e-02
88.85         	4.128720e-02
88.9          	4.133182e-02
88.95         	4.137844e-02
89            	4.142112e-02
89.05         	4.145512e-02
89.1          	4.147662e-02
89.15         	4.148240e-02
89.2          	4.146920e-02
89.25         	4.143534e-02
89.3          	4.138160e-02
89.35         	4.131087e-02
89.4          	4.122769e-02
89.45         	4.113668e-02
89.5          	4.104374e-02
89.55         	4.095515e-02
89.6          	4.087389e-02
89.65         	4.080290e-02
89.7          	4.074733e-02
89.75         	4.071137e-02
89.8          	4.069621e-02
89.85         	4.070038e-02
89.9          	4.072101e-02
89.95         	4.074763e-02
90            	4.077989e-02
