# Region      : all 
# Cells       : 16000
# Volume      : 2.000000e-03
# Time        	volAverage(alpha.air)
0             	0.000000e+00
0.05          	5.244655e-04
0.1           	1.024465e-03
0.15          	1.524465e-03
0.2           	2.024480e-03
0.25          	2.524480e-03
0.3           	3.024490e-03
0.35          	3.524490e-03
0.4           	4.024490e-03
0.45          	4.524515e-03
0.5           	5.024515e-03
0.55          	5.524515e-03
0.6           	6.024515e-03
0.65          	6.524517e-03
0.7           	7.024517e-03
0.75          	7.524518e-03
0.8           	8.024519e-03
0.85          	8.524519e-03
0.9           	9.024523e-03
0.95          	9.524524e-03
1             	1.002453e-02
1.05          	1.052454e-02
1.1           	1.102454e-02
1.15          	1.152454e-02
1.2           	1.202455e-02
1.25          	1.252455e-02
1.3           	1.302456e-02
1.35          	1.352456e-02
1.4           	1.402457e-02
1.45          	1.452459e-02
1.5           	1.502459e-02
1.55          	1.552459e-02
1.6           	1.602460e-02
1.65          	1.652460e-02
1.7           	1.702461e-02
1.75          	1.752461e-02
1.8           	1.802461e-02
1.85          	1.852461e-02
1.9           	1.902461e-02
1.95          	1.952462e-02
2             	2.002462e-02
2.05          	2.052462e-02
2.1           	2.102462e-02
2.15          	2.152462e-02
2.2           	2.202462e-02
2.25          	2.252462e-02
2.3           	2.302462e-02
2.35          	2.352464e-02
2.4           	2.402464e-02
2.45          	2.452464e-02
2.5           	2.502464e-02
2.55          	2.552464e-02
2.6           	2.602465e-02
2.65          	2.652466e-02
2.7           	2.702466e-02
2.75          	2.752466e-02
2.8           	2.802466e-02
2.85          	2.852466e-02
2.9           	2.902467e-02
2.95          	2.952467e-02
3             	3.002467e-02
3.05          	3.052468e-02
3.1           	3.102468e-02
3.15          	3.152468e-02
3.2           	3.202468e-02
3.25          	3.252468e-02
3.3           	3.302470e-02
3.35          	3.352470e-02
3.4           	3.402470e-02
3.45          	3.452470e-02
3.5           	3.502471e-02
3.55          	3.552471e-02
3.6           	3.602471e-02
3.65          	3.652471e-02
3.7           	3.702471e-02
3.75          	3.752472e-02
3.8           	3.802467e-02
3.85          	3.852384e-02
3.9           	3.901940e-02
3.95          	3.950517e-02
4             	3.997265e-02
4.05          	4.041166e-02
4.1           	4.081173e-02
4.15          	4.116271e-02
4.2           	4.145491e-02
4.25          	4.167732e-02
4.3           	4.181283e-02
4.35          	4.183776e-02
4.4           	4.173989e-02
4.45          	4.152919e-02
4.5           	4.122992e-02
4.55          	4.086793e-02
4.6           	4.046492e-02
4.65          	4.003420e-02
4.7           	3.958455e-02
4.75          	3.912242e-02
4.8           	3.865705e-02
4.85          	3.818620e-02
4.9           	3.770914e-02
4.95          	3.723759e-02
5             	3.678080e-02
5.05          	3.634823e-02
5.1           	3.594392e-02
5.15          	3.556700e-02
5.2           	3.521549e-02
5.25          	3.488653e-02
5.3           	3.458083e-02
5.35          	3.430405e-02
5.4           	3.405768e-02
5.45          	3.383932e-02
5.5           	3.364361e-02
5.55          	3.346437e-02
5.6           	3.329898e-02
5.65          	3.314810e-02
5.7           	3.301479e-02
5.75          	3.289886e-02
5.8           	3.280187e-02
5.85          	3.272158e-02
5.9           	3.265616e-02
5.95          	3.260401e-02
6             	3.256358e-02
6.05          	3.253388e-02
6.1           	3.251345e-02
6.15          	3.250021e-02
6.2           	3.249215e-02
6.25          	3.248732e-02
6.3           	3.248374e-02
6.35          	3.247939e-02
6.4           	3.247235e-02
6.45          	3.246064e-02
6.5           	3.244250e-02
6.55          	3.241583e-02
6.6           	3.237903e-02
6.65          	3.233131e-02
6.7           	3.227392e-02
6.75          	3.220931e-02
6.8           	3.214022e-02
6.85          	3.206955e-02
6.9           	3.200003e-02
6.95          	3.193309e-02
7             	3.186945e-02
7.05          	3.180989e-02
7.1           	3.175268e-02
7.15          	3.169783e-02
7.2           	3.164681e-02
7.25          	3.159889e-02
7.3           	3.155481e-02
7.35          	3.151613e-02
7.4           	3.148483e-02
7.45          	3.146164e-02
7.5           	3.144573e-02
7.55          	3.143548e-02
7.6           	3.143004e-02
7.65          	3.142809e-02
7.7           	3.142691e-02
7.75          	3.142349e-02
7.8           	3.141607e-02
7.85          	3.140308e-02
7.9           	3.138351e-02
7.95          	3.135637e-02
8             	3.132108e-02
8.05          	3.127789e-02
8.1           	3.122838e-02
8.15          	3.117563e-02
8.2           	3.112312e-02
8.25          	3.107324e-02
8.3           	3.102469e-02
8.35          	3.097446e-02
8.4           	3.092010e-02
8.45          	3.085871e-02
8.5           	3.078857e-02
8.55          	3.070792e-02
8.6           	3.061667e-02
8.65          	3.051570e-02
8.7           	3.040877e-02
8.75          	3.029934e-02
8.8           	3.019126e-02
8.85          	3.008877e-02
8.9           	2.999726e-02
8.95          	2.992088e-02
9             	2.986268e-02
9.05          	2.982200e-02
9.1           	2.979637e-02
9.15          	2.978209e-02
9.2           	2.977536e-02
9.25          	2.977273e-02
9.3           	2.977208e-02
9.35          	2.977287e-02
9.4           	2.977470e-02
9.45          	2.977918e-02
9.5           	2.978523e-02
9.55          	2.979014e-02
9.6           	2.979218e-02
9.65          	2.978821e-02
9.7           	2.977545e-02
9.75          	2.975077e-02
9.8           	2.971209e-02
9.85          	2.965807e-02
9.9           	2.958984e-02
9.95          	2.951087e-02
10            	2.941943e-02
10.05         	2.930965e-02
10.1          	2.918449e-02
10.15         	2.905078e-02
10.2          	2.890841e-02
10.25         	2.876519e-02
10.3          	2.862543e-02
10.35         	2.849883e-02
10.4          	2.839104e-02
10.45         	2.830328e-02
10.5          	2.823863e-02
10.55         	2.820072e-02
10.6          	2.819062e-02
10.65         	2.820207e-02
10.7          	2.822738e-02
10.75         	2.826019e-02
10.8          	2.829586e-02
10.85         	2.832858e-02
10.9          	2.835500e-02
10.95         	2.837235e-02
11            	2.837908e-02
11.05         	2.837544e-02
11.1          	2.836336e-02
11.15         	2.834626e-02
11.2          	2.832975e-02
11.25         	2.832081e-02
11.3          	2.832959e-02
11.35         	2.836119e-02
11.4          	2.841415e-02
11.45         	2.848480e-02
11.5          	2.857011e-02
11.55         	2.866774e-02
11.6          	2.876850e-02
11.65         	2.886866e-02
11.7          	2.896371e-02
11.75         	2.905376e-02
11.8          	2.913957e-02
11.85         	2.922334e-02
11.9          	2.930709e-02
11.95         	2.939311e-02
12            	2.948212e-02
12.05         	2.957475e-02
12.1          	2.966976e-02
12.15         	2.976624e-02
12.2          	2.986397e-02
12.25         	2.996340e-02
12.3          	3.006475e-02
12.35         	3.016825e-02
12.4          	3.027397e-02
12.45         	3.038271e-02
12.5          	3.049596e-02
12.55         	3.061531e-02
12.6          	3.074170e-02
12.65         	3.087596e-02
12.7          	3.101909e-02
12.75         	3.117049e-02
12.8          	3.132853e-02
12.85         	3.149171e-02
12.9          	3.165909e-02
12.95         	3.182917e-02
13            	3.200022e-02
13.05         	3.216996e-02
13.1          	3.233555e-02
13.15         	3.249494e-02
13.2          	3.264537e-02
13.25         	3.278434e-02
13.3          	3.290856e-02
13.35         	3.301476e-02
13.4          	3.310051e-02
13.45         	3.316457e-02
13.5          	3.320733e-02
13.55         	3.323089e-02
13.6          	3.323928e-02
13.65         	3.323765e-02
13.7          	3.323172e-02
13.75         	3.322650e-02
13.8          	3.322593e-02
13.85         	3.323296e-02
13.9          	3.324896e-02
13.95         	3.327302e-02
14            	3.330333e-02
14.05         	3.333919e-02
14.1          	3.337974e-02
14.15         	3.342383e-02
14.2          	3.347023e-02
14.25         	3.351769e-02
14.3          	3.356353e-02
14.35         	3.360467e-02
14.4          	3.363813e-02
14.45         	3.366081e-02
14.5          	3.367268e-02
14.55         	3.367276e-02
14.6          	3.366256e-02
14.65         	3.364186e-02
14.7          	3.361418e-02
14.75         	3.358081e-02
14.8          	3.354154e-02
14.85         	3.350072e-02
14.9          	3.345783e-02
14.95         	3.341394e-02
15            	3.336717e-02
15.05         	3.331400e-02
15.1          	3.325394e-02
15.15         	3.318527e-02
15.2          	3.310815e-02
15.25         	3.302617e-02
15.3          	3.294258e-02
15.35         	3.286058e-02
15.4          	3.278262e-02
15.45         	3.271111e-02
15.5          	3.264710e-02
15.55         	3.259039e-02
15.6          	3.254123e-02
15.65         	3.249855e-02
15.7          	3.246231e-02
15.75         	3.243353e-02
15.8          	3.241211e-02
15.85         	3.239734e-02
15.9          	3.239020e-02
15.95         	3.238806e-02
16            	3.239286e-02
16.05         	3.240310e-02
16.1          	3.242202e-02
16.15         	3.245415e-02
16.2          	3.250068e-02
16.25         	3.256176e-02
16.3          	3.263766e-02
16.35         	3.272546e-02
16.4          	3.282259e-02
16.45         	3.292715e-02
16.5          	3.303768e-02
16.55         	3.315262e-02
16.6          	3.326896e-02
16.65         	3.338228e-02
16.7          	3.348659e-02
16.75         	3.357566e-02
16.8          	3.364358e-02
16.85         	3.368496e-02
16.9          	3.369606e-02
16.95         	3.367385e-02
17            	3.361399e-02
17.05         	3.351385e-02
17.1          	3.337854e-02
17.15         	3.321685e-02
17.2          	3.304075e-02
17.25         	3.286410e-02
17.3          	3.269692e-02
17.35         	3.254265e-02
17.4          	3.240781e-02
17.45         	3.229564e-02
17.5          	3.221306e-02
17.55         	3.216042e-02
17.6          	3.213366e-02
17.65         	3.212874e-02
17.7          	3.214166e-02
17.75         	3.216844e-02
17.8          	3.220623e-02
17.85         	3.225424e-02
17.9          	3.231091e-02
17.95         	3.237476e-02
18            	3.244430e-02
18.05         	3.251777e-02
18.1          	3.259250e-02
18.15         	3.266457e-02
18.2          	3.272931e-02
18.25         	3.278217e-02
18.3          	3.282028e-02
18.35         	3.284288e-02
18.4          	3.285021e-02
18.45         	3.284436e-02
18.5          	3.282949e-02
18.55         	3.281087e-02
18.6          	3.279527e-02
18.65         	3.278793e-02
18.7          	3.279090e-02
18.75         	3.280783e-02
18.8          	3.283955e-02
18.85         	3.288638e-02
18.9          	3.294778e-02
18.95         	3.302188e-02
19            	3.310640e-02
19.05         	3.319941e-02
19.1          	3.329938e-02
19.15         	3.340410e-02
19.2          	3.351180e-02
19.25         	3.362199e-02
19.3          	3.373357e-02
19.35         	3.384653e-02
19.4          	3.396118e-02
19.45         	3.407605e-02
19.5          	3.419047e-02
19.55         	3.430400e-02
19.6          	3.441610e-02
19.65         	3.452597e-02
19.7          	3.463274e-02
19.75         	3.473546e-02
19.8          	3.483335e-02
19.85         	3.492532e-02
19.9          	3.501006e-02
19.95         	3.508649e-02
20            	3.515336e-02
20.05         	3.520844e-02
20.1          	3.524842e-02
20.15         	3.526855e-02
20.2          	3.526292e-02
20.25         	3.522610e-02
20.3          	3.515496e-02
20.35         	3.504965e-02
20.4          	3.491505e-02
20.45         	3.476110e-02
20.5          	3.460109e-02
20.55         	3.444791e-02
20.6          	3.431177e-02
20.65         	3.419755e-02
20.7          	3.410726e-02
20.75         	3.404281e-02
20.8          	3.400235e-02
20.85         	3.398313e-02
20.9          	3.398025e-02
20.95         	3.398802e-02
21            	3.400091e-02
21.05         	3.401138e-02
21.1          	3.401161e-02
21.15         	3.399579e-02
21.2          	3.396094e-02
21.25         	3.390747e-02
21.3          	3.384040e-02
21.35         	3.376737e-02
21.4          	3.369759e-02
21.45         	3.363864e-02
21.5          	3.358924e-02
21.55         	3.354714e-02
21.6          	3.351271e-02
21.65         	3.348612e-02
21.7          	3.347100e-02
21.75         	3.346536e-02
21.8          	3.346916e-02
21.85         	3.348120e-02
21.9          	3.349953e-02
21.95         	3.352277e-02
22            	3.354941e-02
22.05         	3.357861e-02
22.1          	3.360931e-02
22.15         	3.364049e-02
22.2          	3.367149e-02
22.25         	3.370137e-02
22.3          	3.372906e-02
22.35         	3.375371e-02
22.4          	3.377400e-02
22.45         	3.378834e-02
22.5          	3.379488e-02
22.55         	3.379213e-02
22.6          	3.377910e-02
22.65         	3.375639e-02
22.7          	3.372686e-02
22.75         	3.369452e-02
22.8          	3.366291e-02
22.85         	3.363503e-02
22.9          	3.361165e-02
22.95         	3.359083e-02
23            	3.357133e-02
23.05         	3.355312e-02
23.1          	3.353692e-02
23.15         	3.352249e-02
23.2          	3.350825e-02
23.25         	3.349381e-02
23.3          	3.347860e-02
23.35         	3.346104e-02
23.4          	3.344059e-02
23.45         	3.341544e-02
23.5          	3.338680e-02
23.55         	3.335366e-02
23.6          	3.331542e-02
23.65         	3.327162e-02
23.7          	3.322226e-02
23.75         	3.316983e-02
23.8          	3.311765e-02
23.85         	3.306817e-02
23.9          	3.302381e-02
23.95         	3.298600e-02
24            	3.295539e-02
24.05         	3.293133e-02
24.1          	3.291271e-02
24.15         	3.289828e-02
24.2          	3.288571e-02
24.25         	3.287229e-02
24.3          	3.285522e-02
24.35         	3.283241e-02
24.4          	3.280347e-02
24.45         	3.276964e-02
24.5          	3.273350e-02
24.55         	3.269814e-02
24.6          	3.266665e-02
24.65         	3.264191e-02
24.7          	3.262407e-02
24.75         	3.261125e-02
24.8          	3.260111e-02
24.85         	3.259171e-02
24.9          	3.258198e-02
24.95         	3.257227e-02
25            	3.256409e-02
25.05         	3.255767e-02
25.1          	3.255308e-02
25.15         	3.254948e-02
25.2          	3.254565e-02
25.25         	3.254116e-02
25.3          	3.253602e-02
25.35         	3.253070e-02
25.4          	3.252692e-02
25.45         	3.252656e-02
25.5          	3.253147e-02
25.55         	3.254097e-02
25.6          	3.255527e-02
25.65         	3.257231e-02
25.7          	3.258905e-02
25.75         	3.260178e-02
25.8          	3.260896e-02
25.85         	3.261037e-02
25.9          	3.260419e-02
25.95         	3.259064e-02
26            	3.257358e-02
26.05         	3.255887e-02
26.1          	3.255250e-02
26.15         	3.255847e-02
26.2          	3.257870e-02
26.25         	3.261245e-02
26.3          	3.265766e-02
26.35         	3.271309e-02
26.4          	3.277709e-02
26.45         	3.284886e-02
26.5          	3.292639e-02
26.55         	3.300879e-02
26.6          	3.309440e-02
26.65         	3.318066e-02
26.7          	3.326469e-02
26.75         	3.334339e-02
26.8          	3.341230e-02
26.85         	3.346667e-02
26.9          	3.350169e-02
26.95         	3.351346e-02
27            	3.350113e-02
27.05         	3.346665e-02
27.1          	3.341325e-02
27.15         	3.334487e-02
27.2          	3.326673e-02
27.25         	3.318324e-02
27.3          	3.309937e-02
27.35         	3.301880e-02
27.4          	3.294448e-02
27.45         	3.287760e-02
27.5          	3.281813e-02
27.55         	3.276612e-02
27.6          	3.272225e-02
27.65         	3.268827e-02
27.7          	3.266733e-02
27.75         	3.266053e-02
27.8          	3.266763e-02
27.85         	3.268865e-02
27.9          	3.272218e-02
27.95         	3.276727e-02
28            	3.282182e-02
28.05         	3.288372e-02
28.1          	3.294915e-02
28.15         	3.301429e-02
28.2          	3.307442e-02
28.25         	3.312393e-02
28.3          	3.315831e-02
28.35         	3.317501e-02
28.4          	3.317400e-02
28.45         	3.315280e-02
28.5          	3.311520e-02
28.55         	3.306660e-02
28.6          	3.301175e-02
28.65         	3.295411e-02
28.7          	3.289760e-02
28.75         	3.284507e-02
28.8          	3.279926e-02
28.85         	3.276212e-02
28.9          	3.273390e-02
28.95         	3.271269e-02
29            	3.269816e-02
29.05         	3.268824e-02
29.1          	3.267714e-02
29.15         	3.266240e-02
29.2          	3.264140e-02
29.25         	3.261324e-02
29.3          	3.257824e-02
29.35         	3.254023e-02
29.4          	3.250421e-02
29.45         	3.247365e-02
29.5          	3.245037e-02
29.55         	3.243567e-02
29.6          	3.242927e-02
29.65         	3.243060e-02
29.7          	3.243968e-02
29.75         	3.245510e-02
29.8          	3.247667e-02
29.85         	3.250410e-02
29.9          	3.253601e-02
29.95         	3.257175e-02
30            	3.261185e-02
30.05         	3.265593e-02
30.1          	3.270289e-02
30.15         	3.275318e-02
30.2          	3.280704e-02
30.25         	3.286478e-02
30.3          	3.292664e-02
30.35         	3.299239e-02
30.4          	3.306171e-02
30.45         	3.313329e-02
30.5          	3.320576e-02
30.55         	3.327759e-02
30.6          	3.334722e-02
30.65         	3.341327e-02
30.7          	3.347448e-02
30.75         	3.352944e-02
30.8          	3.357624e-02
30.85         	3.361271e-02
30.9          	3.363647e-02
30.95         	3.364530e-02
31            	3.363799e-02
31.05         	3.361498e-02
31.1          	3.357846e-02
31.15         	3.353189e-02
31.2          	3.347877e-02
31.25         	3.342399e-02
31.3          	3.337412e-02
31.35         	3.333371e-02
31.4          	3.330460e-02
31.45         	3.328722e-02
31.5          	3.328098e-02
31.55         	3.328509e-02
31.6          	3.329913e-02
31.65         	3.332388e-02
31.7          	3.335817e-02
31.75         	3.340053e-02
31.8          	3.345103e-02
31.85         	3.350832e-02
31.9          	3.356880e-02
31.95         	3.363127e-02
32            	3.369381e-02
32.05         	3.375365e-02
32.1          	3.380883e-02
32.15         	3.385750e-02
32.2          	3.389909e-02
32.25         	3.393282e-02
32.3          	3.395742e-02
32.35         	3.397478e-02
32.4          	3.398655e-02
32.45         	3.399152e-02
32.5          	3.399049e-02
32.55         	3.398774e-02
32.6          	3.398596e-02
32.65         	3.398692e-02
32.7          	3.399334e-02
32.75         	3.400595e-02
32.8          	3.402342e-02
32.85         	3.404511e-02
32.9          	3.407145e-02
32.95         	3.410205e-02
33            	3.413600e-02
33.05         	3.417178e-02
33.1          	3.420843e-02
33.15         	3.424446e-02
33.2          	3.427726e-02
33.25         	3.430547e-02
33.3          	3.432517e-02
33.35         	3.433368e-02
33.4          	3.432722e-02
33.45         	3.430130e-02
33.5          	3.425230e-02
33.55         	3.418359e-02
33.6          	3.409819e-02
33.65         	3.400089e-02
33.7          	3.389696e-02
33.75         	3.379463e-02
33.8          	3.369682e-02
33.85         	3.360438e-02
33.9          	3.351856e-02
33.95         	3.344096e-02
34            	3.336994e-02
34.05         	3.330249e-02
34.1          	3.323636e-02
34.15         	3.316905e-02
34.2          	3.309832e-02
34.25         	3.302342e-02
34.3          	3.294271e-02
34.35         	3.285610e-02
34.4          	3.276527e-02
34.45         	3.267256e-02
34.5          	3.258048e-02
34.55         	3.248992e-02
34.6          	3.239953e-02
34.65         	3.231238e-02
34.7          	3.222370e-02
34.75         	3.213947e-02
34.8          	3.205803e-02
34.85         	3.198096e-02
34.9          	3.191090e-02
34.95         	3.184597e-02
35            	3.178397e-02
35.05         	3.171918e-02
35.1          	3.164487e-02
35.15         	3.155286e-02
35.2          	3.144046e-02
35.25         	3.131148e-02
35.3          	3.117644e-02
35.35         	3.104604e-02
35.4          	3.092414e-02
35.45         	3.080834e-02
35.5          	3.069153e-02
35.55         	3.056588e-02
35.6          	3.043635e-02
35.65         	3.031338e-02
35.7          	3.020013e-02
35.75         	3.009639e-02
35.8          	3.000261e-02
35.85         	2.991751e-02
35.9          	2.984077e-02
35.95         	2.977449e-02
36            	2.971745e-02
36.05         	2.966821e-02
36.1          	2.962561e-02
36.15         	2.958894e-02
36.2          	2.955860e-02
36.25         	2.953525e-02
36.3          	2.951102e-02
36.35         	2.948334e-02
36.4          	2.945975e-02
36.45         	2.944685e-02
36.5          	2.944327e-02
36.55         	2.945297e-02
36.6          	2.948092e-02
36.65         	2.952500e-02
36.7          	2.957968e-02
36.75         	2.964213e-02
36.8          	2.971038e-02
36.85         	2.978370e-02
36.9          	2.985970e-02
36.95         	2.993696e-02
37            	3.001610e-02
37.05         	3.009779e-02
37.1          	3.018222e-02
37.15         	3.026967e-02
37.2          	3.035773e-02
37.25         	3.044318e-02
37.3          	3.052429e-02
37.35         	3.060019e-02
37.4          	3.067085e-02
37.45         	3.073315e-02
37.5          	3.078189e-02
37.55         	3.081744e-02
37.6          	3.084219e-02
37.65         	3.085741e-02
37.7          	3.086257e-02
37.75         	3.085917e-02
37.8          	3.084478e-02
37.85         	3.082039e-02
37.9          	3.078448e-02
37.95         	3.073301e-02
38            	3.066052e-02
38.05         	3.056747e-02
38.1          	3.046226e-02
38.15         	3.035219e-02
38.2          	3.024541e-02
38.25         	3.014912e-02
38.3          	3.006961e-02
38.35         	3.001121e-02
38.4          	2.997365e-02
38.45         	2.995534e-02
38.5          	2.995386e-02
38.55         	2.996557e-02
38.6          	2.998808e-02
38.65         	3.001827e-02
38.7          	3.005080e-02
38.75         	3.008354e-02
38.8          	3.011588e-02
38.85         	3.014728e-02
38.9          	3.017646e-02
38.95         	3.020235e-02
39            	3.022541e-02
39.05         	3.024731e-02
39.1          	3.026929e-02
39.15         	3.029388e-02
39.2          	3.032416e-02
39.25         	3.036213e-02
39.3          	3.040838e-02
39.35         	3.046097e-02
39.4          	3.051582e-02
39.45         	3.056932e-02
39.5          	3.061845e-02
39.55         	3.066156e-02
39.6          	3.069810e-02
39.65         	3.072717e-02
39.7          	3.074852e-02
39.75         	3.076268e-02
39.8          	3.077122e-02
39.85         	3.077621e-02
39.9          	3.077899e-02
39.95         	3.078173e-02
40            	3.078661e-02
40.05         	3.079438e-02
40.1          	3.080462e-02
40.15         	3.081665e-02
40.2          	3.083086e-02
40.25         	3.084924e-02
40.3          	3.087435e-02
40.35         	3.090975e-02
40.4          	3.095354e-02
40.45         	3.100197e-02
40.5          	3.105377e-02
40.55         	3.110838e-02
40.6          	3.116266e-02
40.65         	3.121120e-02
40.7          	3.125037e-02
40.75         	3.127966e-02
40.8          	3.129556e-02
40.85         	3.129561e-02
40.9          	3.128049e-02
40.95         	3.125182e-02
41            	3.121553e-02
41.05         	3.117862e-02
41.1          	3.114869e-02
41.15         	3.113316e-02
41.2          	3.113664e-02
41.25         	3.116030e-02
41.3          	3.120358e-02
41.35         	3.126537e-02
41.4          	3.134524e-02
41.45         	3.144163e-02
41.5          	3.155288e-02
41.55         	3.167762e-02
41.6          	3.181340e-02
41.65         	3.195725e-02
41.7          	3.210600e-02
41.75         	3.225644e-02
41.8          	3.240576e-02
41.85         	3.255150e-02
41.9          	3.269075e-02
41.95         	3.282022e-02
42            	3.293660e-02
42.05         	3.303711e-02
42.1          	3.312055e-02
42.15         	3.318688e-02
42.2          	3.323739e-02
42.25         	3.327368e-02
42.3          	3.329869e-02
42.35         	3.331418e-02
42.4          	3.332282e-02
42.45         	3.332743e-02
42.5          	3.332941e-02
42.55         	3.332761e-02
42.6          	3.332071e-02
42.65         	3.330659e-02
42.7          	3.328229e-02
42.75         	3.324497e-02
42.8          	3.319318e-02
42.85         	3.312864e-02
42.9          	3.305465e-02
42.95         	3.297645e-02
43            	3.289944e-02
43.05         	3.282544e-02
43.1          	3.275277e-02
43.15         	3.267582e-02
43.2          	3.258781e-02
43.25         	3.248640e-02
43.3          	3.237616e-02
43.35         	3.226726e-02
43.4          	3.216956e-02
43.45         	3.209050e-02
43.5          	3.203433e-02
43.55         	3.200166e-02
43.6          	3.199044e-02
43.65         	3.199753e-02
43.7          	3.201944e-02
43.75         	3.205360e-02
43.8          	3.209785e-02
43.85         	3.215001e-02
43.9          	3.220870e-02
43.95         	3.227288e-02
44            	3.234237e-02
44.05         	3.241698e-02
44.1          	3.249578e-02
44.15         	3.257745e-02
44.2          	3.266016e-02
44.25         	3.274128e-02
44.3          	3.281809e-02
44.35         	3.288736e-02
44.4          	3.294654e-02
44.45         	3.299418e-02
44.5          	3.302920e-02
44.55         	3.305257e-02
44.6          	3.306761e-02
44.65         	3.307298e-02
44.7          	3.306789e-02
44.75         	3.305559e-02
44.8          	3.303561e-02
44.85         	3.300393e-02
44.9          	3.295517e-02
44.95         	3.288839e-02
45            	3.280709e-02
45.05         	3.271751e-02
45.1          	3.262704e-02
45.15         	3.254182e-02
45.2          	3.246605e-02
45.25         	3.240292e-02
45.3          	3.234875e-02
45.35         	3.230224e-02
45.4          	3.226297e-02
45.45         	3.222906e-02
45.5          	3.220252e-02
45.55         	3.218515e-02
45.6          	3.217760e-02
45.65         	3.217993e-02
45.7          	3.219151e-02
45.75         	3.221081e-02
45.8          	3.223620e-02
45.85         	3.226665e-02
45.9          	3.230143e-02
45.95         	3.233970e-02
46            	3.238073e-02
46.05         	3.242330e-02
46.1          	3.246554e-02
46.15         	3.250466e-02
46.2          	3.253796e-02
46.25         	3.256338e-02
46.3          	3.257946e-02
46.35         	3.258491e-02
46.4          	3.257934e-02
46.45         	3.256307e-02
46.5          	3.253741e-02
46.55         	3.250357e-02
46.6          	3.246323e-02
46.65         	3.241942e-02
46.7          	3.237511e-02
46.75         	3.233373e-02
46.8          	3.229972e-02
46.85         	3.227640e-02
46.9          	3.226594e-02
46.95         	3.227254e-02
47            	3.229739e-02
47.05         	3.234003e-02
47.1          	3.240016e-02
47.15         	3.247561e-02
47.2          	3.256522e-02
47.25         	3.266785e-02
47.3          	3.278108e-02
47.35         	3.290121e-02
47.4          	3.302332e-02
47.45         	3.314107e-02
47.5          	3.324620e-02
47.55         	3.332964e-02
47.6          	3.338335e-02
47.65         	3.340393e-02
47.7          	3.339624e-02
47.75         	3.336981e-02
47.8          	3.333605e-02
47.85         	3.330388e-02
47.9          	3.328069e-02
47.95         	3.326753e-02
48            	3.326507e-02
48.05         	3.327242e-02
48.1          	3.328717e-02
48.15         	3.330807e-02
48.2          	3.333208e-02
48.25         	3.335681e-02
48.3          	3.337907e-02
48.35         	3.339535e-02
48.4          	3.340280e-02
48.45         	3.339953e-02
48.5          	3.338401e-02
48.55         	3.335482e-02
48.6          	3.331117e-02
48.65         	3.325368e-02
48.7          	3.318548e-02
48.75         	3.311099e-02
48.8          	3.303363e-02
48.85         	3.295686e-02
48.9          	3.288400e-02
48.95         	3.281598e-02
49            	3.275207e-02
49.05         	3.269454e-02
49.1          	3.264485e-02
49.15         	3.260236e-02
49.2          	3.256646e-02
49.25         	3.253600e-02
49.3          	3.250954e-02
49.35         	3.248601e-02
49.4          	3.246435e-02
49.45         	3.244468e-02
49.5          	3.242818e-02
49.55         	3.241558e-02
49.6          	3.240878e-02
49.65         	3.241055e-02
49.7          	3.242404e-02
49.75         	3.244980e-02
49.8          	3.248564e-02
49.85         	3.252897e-02
49.9          	3.257747e-02
49.95         	3.262947e-02
50            	3.268410e-02
50.05         	3.274014e-02
50.1          	3.279667e-02
50.15         	3.285227e-02
50.2          	3.290392e-02
50.25         	3.294484e-02
50.3          	3.296409e-02
50.35         	3.295077e-02
50.4          	3.289991e-02
50.45         	3.281626e-02
50.5          	3.271120e-02
50.55         	3.259592e-02
50.6          	3.248028e-02
50.65         	3.236996e-02
50.7          	3.226927e-02
50.75         	3.218072e-02
50.8          	3.210396e-02
50.85         	3.203781e-02
50.9          	3.198073e-02
50.95         	3.192852e-02
51            	3.187738e-02
51.05         	3.182454e-02
51.1          	3.177000e-02
51.15         	3.171449e-02
51.2          	3.166045e-02
51.25         	3.161029e-02
51.3          	3.156436e-02
51.35         	3.152316e-02
51.4          	3.148873e-02
51.45         	3.146336e-02
51.5          	3.144823e-02
51.55         	3.144353e-02
51.6          	3.144848e-02
51.65         	3.146254e-02
51.7          	3.148494e-02
51.75         	3.151425e-02
51.8          	3.154875e-02
51.85         	3.158699e-02
51.9          	3.162590e-02
51.95         	3.166183e-02
52            	3.169352e-02
52.05         	3.171977e-02
52.1          	3.173947e-02
52.15         	3.175177e-02
52.2          	3.175583e-02
52.25         	3.175287e-02
52.3          	3.174421e-02
52.35         	3.172915e-02
52.4          	3.170801e-02
52.45         	3.168392e-02
52.5          	3.166068e-02
52.55         	3.163986e-02
52.6          	3.162236e-02
52.65         	3.160876e-02
52.7          	3.159950e-02
52.75         	3.159634e-02
52.8          	3.160079e-02
52.85         	3.161199e-02
52.9          	3.162894e-02
52.95         	3.165225e-02
53            	3.168352e-02
53.05         	3.172432e-02
53.1          	3.177396e-02
53.15         	3.183147e-02
53.2          	3.189575e-02
53.25         	3.196524e-02
53.3          	3.203876e-02
53.35         	3.211592e-02
53.4          	3.219398e-02
53.45         	3.226918e-02
53.5          	3.234018e-02
53.55         	3.240667e-02
53.6          	3.246800e-02
53.65         	3.252283e-02
53.7          	3.257060e-02
53.75         	3.261240e-02
53.8          	3.264902e-02
53.85         	3.268170e-02
53.9          	3.271028e-02
53.95         	3.273394e-02
54            	3.275200e-02
54.05         	3.276358e-02
54.1          	3.276847e-02
54.15         	3.276721e-02
54.2          	3.276122e-02
54.25         	3.275268e-02
54.3          	3.274425e-02
54.35         	3.273872e-02
54.4          	3.273833e-02
54.45         	3.274423e-02
54.5          	3.275630e-02
54.55         	3.277477e-02
54.6          	3.279997e-02
54.65         	3.283194e-02
54.7          	3.287117e-02
54.75         	3.291774e-02
54.8          	3.297113e-02
54.85         	3.303045e-02
54.9          	3.309438e-02
54.95         	3.316127e-02
55            	3.322978e-02
55.05         	3.329826e-02
55.1          	3.336479e-02
55.15         	3.342799e-02
55.2          	3.348674e-02
55.25         	3.353970e-02
55.3          	3.358523e-02
55.35         	3.362175e-02
55.4          	3.364837e-02
55.45         	3.366515e-02
55.5          	3.367322e-02
55.55         	3.367386e-02
55.6          	3.366724e-02
55.65         	3.365325e-02
55.7          	3.363129e-02
55.75         	3.360157e-02
55.8          	3.356611e-02
55.85         	3.352910e-02
55.9          	3.349588e-02
55.95         	3.347077e-02
56            	3.345523e-02
56.05         	3.344963e-02
56.1          	3.345404e-02
56.15         	3.346729e-02
56.2          	3.348709e-02
56.25         	3.351158e-02
56.3          	3.353928e-02
56.35         	3.356873e-02
56.4          	3.359905e-02
56.45         	3.363038e-02
56.5          	3.366321e-02
56.55         	3.369840e-02
56.6          	3.373696e-02
56.65         	3.377942e-02
56.7          	3.382594e-02
56.75         	3.387609e-02
56.8          	3.392840e-02
56.85         	3.398033e-02
56.9          	3.402823e-02
56.95         	3.406775e-02
57            	3.409440e-02
57.05         	3.410381e-02
57.1          	3.409249e-02
57.15         	3.405929e-02
57.2          	3.400608e-02
57.25         	3.393571e-02
57.3          	3.385273e-02
57.35         	3.376355e-02
57.4          	3.367456e-02
57.45         	3.358998e-02
57.5          	3.351083e-02
57.55         	3.343400e-02
57.6          	3.335503e-02
57.65         	3.327119e-02
57.7          	3.318143e-02
57.75         	3.308574e-02
57.8          	3.298501e-02
57.85         	3.288108e-02
57.9          	3.277898e-02
57.95         	3.268229e-02
58            	3.259350e-02
58.05         	3.251526e-02
58.1          	3.244989e-02
58.15         	3.239952e-02
58.2          	3.236485e-02
58.25         	3.234526e-02
58.3          	3.234182e-02
58.35         	3.235599e-02
58.4          	3.238734e-02
58.45         	3.243369e-02
58.5          	3.249285e-02
58.55         	3.256274e-02
58.6          	3.264181e-02
58.65         	3.272861e-02
58.7          	3.282148e-02
58.75         	3.291854e-02
58.8          	3.301790e-02
58.85         	3.311793e-02
58.9          	3.321687e-02
58.95         	3.331253e-02
59            	3.340238e-02
59.05         	3.348348e-02
59.1          	3.355225e-02
59.15         	3.360505e-02
59.2          	3.363864e-02
59.25         	3.365131e-02
59.3          	3.364410e-02
59.35         	3.362074e-02
59.4          	3.358585e-02
59.45         	3.354378e-02
59.5          	3.349767e-02
59.55         	3.345034e-02
59.6          	3.340222e-02
59.65         	3.335060e-02
59.7          	3.329346e-02
59.75         	3.322813e-02
59.8          	3.314970e-02
59.85         	3.305056e-02
59.9          	3.292110e-02
59.95         	3.275602e-02
60            	3.255912e-02
60.05         	3.234280e-02
60.1          	3.212891e-02
60.15         	3.194206e-02
60.2          	3.179398e-02
60.25         	3.168620e-02
60.3          	3.161406e-02
60.35         	3.156876e-02
60.4          	3.154577e-02
60.45         	3.154247e-02
60.5          	3.155718e-02
60.55         	3.158588e-02
60.6          	3.162349e-02
60.65         	3.166618e-02
60.7          	3.171104e-02
60.75         	3.175666e-02
60.8          	3.180139e-02
60.85         	3.184505e-02
60.9          	3.188805e-02
60.95         	3.193226e-02
61            	3.197871e-02
61.05         	3.202660e-02
61.1          	3.207660e-02
61.15         	3.212754e-02
61.2          	3.217780e-02
61.25         	3.222578e-02
61.3          	3.227052e-02
61.35         	3.231175e-02
61.4          	3.234864e-02
61.45         	3.238019e-02
61.5          	3.240646e-02
61.55         	3.242651e-02
61.6          	3.243825e-02
61.65         	3.244091e-02
61.7          	3.243572e-02
61.75         	3.242206e-02
61.8          	3.240202e-02
61.85         	3.238097e-02
61.9          	3.236625e-02
61.95         	3.236019e-02
62            	3.236119e-02
62.05         	3.237110e-02
62.1          	3.238894e-02
62.15         	3.241097e-02
62.2          	3.243575e-02
62.25         	3.246199e-02
62.3          	3.248847e-02
62.35         	3.251446e-02
62.4          	3.254107e-02
62.45         	3.257046e-02
62.5          	3.260491e-02
62.55         	3.264670e-02
62.6          	3.269819e-02
62.65         	3.276062e-02
62.7          	3.283200e-02
62.75         	3.290945e-02
62.8          	3.298966e-02
62.85         	3.306878e-02
62.9          	3.314262e-02
62.95         	3.320634e-02
63            	3.325525e-02
63.05         	3.328469e-02
63.1          	3.329189e-02
63.15         	3.327636e-02
63.2          	3.323957e-02
63.25         	3.318401e-02
63.3          	3.311483e-02
63.35         	3.303876e-02
63.4          	3.295865e-02
63.45         	3.287531e-02
63.5          	3.279058e-02
63.55         	3.270606e-02
63.6          	3.261909e-02
63.65         	3.252504e-02
63.7          	3.241833e-02
63.75         	3.229272e-02
63.8          	3.214988e-02
63.85         	3.200177e-02
63.9          	3.186568e-02
63.95         	3.175841e-02
64            	3.169074e-02
64.05         	3.166241e-02
64.1          	3.166842e-02
64.15         	3.170417e-02
64.2          	3.176527e-02
64.25         	3.184545e-02
64.3          	3.194021e-02
64.35         	3.204781e-02
64.4          	3.216448e-02
64.45         	3.228537e-02
64.5          	3.240929e-02
64.55         	3.253299e-02
64.6          	3.265500e-02
64.65         	3.277473e-02
64.7          	3.289047e-02
64.75         	3.300058e-02
64.8          	3.310199e-02
64.85         	3.319032e-02
64.9          	3.325989e-02
64.95         	3.330339e-02
65            	3.331609e-02
65.05         	3.329892e-02
65.1          	3.325867e-02
65.15         	3.320563e-02
65.2          	3.315090e-02
65.25         	3.310407e-02
65.3          	3.306951e-02
65.35         	3.304718e-02
65.4          	3.303501e-02
65.45         	3.303066e-02
65.5          	3.303199e-02
65.55         	3.303723e-02
65.6          	3.304496e-02
65.65         	3.305382e-02
65.7          	3.306232e-02
65.75         	3.306845e-02
65.8          	3.307060e-02
65.85         	3.306827e-02
65.9          	3.306158e-02
65.95         	3.305061e-02
66            	3.303601e-02
66.05         	3.301859e-02
66.1          	3.299918e-02
66.15         	3.297916e-02
66.2          	3.295967e-02
66.25         	3.294109e-02
66.3          	3.292337e-02
66.35         	3.290638e-02
66.4          	3.288982e-02
66.45         	3.287297e-02
66.5          	3.285572e-02
66.55         	3.283842e-02
66.6          	3.282151e-02
66.65         	3.280515e-02
66.7          	3.278915e-02
66.75         	3.277266e-02
66.8          	3.275437e-02
66.85         	3.273214e-02
66.9          	3.270321e-02
66.95         	3.266485e-02
67            	3.261469e-02
67.05         	3.255143e-02
67.1          	3.247528e-02
67.15         	3.238810e-02
67.2          	3.229153e-02
67.25         	3.218831e-02
67.3          	3.207944e-02
67.35         	3.196614e-02
67.4          	3.185117e-02
67.45         	3.173927e-02
67.5          	3.163413e-02
67.55         	3.154158e-02
67.6          	3.146784e-02
67.65         	3.141732e-02
67.7          	3.139205e-02
67.75         	3.139111e-02
67.8          	3.141144e-02
67.85         	3.144894e-02
67.9          	3.149982e-02
67.95         	3.156052e-02
68            	3.162787e-02
68.05         	3.169878e-02
68.1          	3.176942e-02
68.15         	3.183602e-02
68.2          	3.189458e-02
68.25         	3.194182e-02
68.3          	3.197570e-02
68.35         	3.199496e-02
68.4          	3.200098e-02
68.45         	3.199529e-02
68.5          	3.198155e-02
68.55         	3.196523e-02
68.6          	3.195258e-02
68.65         	3.194597e-02
68.7          	3.195212e-02
68.75         	3.197199e-02
68.8          	3.200435e-02
68.85         	3.204782e-02
68.9          	3.210049e-02
68.95         	3.216078e-02
69            	3.222750e-02
69.05         	3.230007e-02
69.1          	3.237736e-02
69.15         	3.245830e-02
69.2          	3.254244e-02
69.25         	3.262894e-02
69.3          	3.271695e-02
69.35         	3.280618e-02
69.4          	3.289644e-02
69.45         	3.298811e-02
69.5          	3.308156e-02
69.55         	3.317693e-02
69.6          	3.327452e-02
69.65         	3.337438e-02
69.7          	3.347608e-02
69.75         	3.357903e-02
69.8          	3.368258e-02
69.85         	3.378609e-02
69.9          	3.388867e-02
69.95         	3.398905e-02
70            	3.408567e-02
70.05         	3.417684e-02
70.1          	3.426097e-02
70.15         	3.433663e-02
70.2          	3.440278e-02
70.25         	3.445880e-02
70.3          	3.450408e-02
70.35         	3.453794e-02
70.4          	3.456013e-02
70.45         	3.457155e-02
70.5          	3.457414e-02
70.55         	3.456975e-02
70.6          	3.455966e-02
70.65         	3.454454e-02
70.7          	3.452482e-02
70.75         	3.450119e-02
70.8          	3.447548e-02
70.85         	3.445081e-02
70.9          	3.443140e-02
70.95         	3.442188e-02
71            	3.442510e-02
71.05         	3.444116e-02
71.1          	3.446877e-02
71.15         	3.450620e-02
71.2          	3.455148e-02
71.25         	3.460289e-02
71.3          	3.465913e-02
71.35         	3.471925e-02
71.4          	3.478273e-02
71.45         	3.484914e-02
71.5          	3.491777e-02
71.55         	3.498862e-02
71.6          	3.506161e-02
71.65         	3.513620e-02
71.7          	3.521122e-02
71.75         	3.528586e-02
71.8          	3.536040e-02
71.85         	3.543175e-02
71.9          	3.549757e-02
71.95         	3.555730e-02
72            	3.560724e-02
72.05         	3.564284e-02
72.1          	3.565668e-02
72.15         	3.564293e-02
72.2          	3.560048e-02
72.25         	3.553538e-02
72.3          	3.545029e-02
72.35         	3.535380e-02
72.4          	3.525723e-02
72.45         	3.516535e-02
72.5          	3.507862e-02
72.55         	3.500073e-02
72.6          	3.493306e-02
72.65         	3.487397e-02
72.7          	3.482446e-02
72.75         	3.478314e-02
72.8          	3.474656e-02
72.85         	3.471245e-02
72.9          	3.467862e-02
72.95         	3.464340e-02
73            	3.460516e-02
73.05         	3.456309e-02
73.1          	3.451813e-02
73.15         	3.447047e-02
73.2          	3.442035e-02
73.25         	3.436799e-02
73.3          	3.431414e-02
73.35         	3.425915e-02
73.4          	3.420307e-02
73.45         	3.414619e-02
73.5          	3.408909e-02
73.55         	3.403212e-02
73.6          	3.397581e-02
73.65         	3.392069e-02
73.7          	3.386685e-02
73.75         	3.381428e-02
73.8          	3.376299e-02
73.85         	3.371249e-02
73.9          	3.366225e-02
73.95         	3.361191e-02
74            	3.356078e-02
74.05         	3.350807e-02
74.1          	3.345330e-02
74.15         	3.339532e-02
74.2          	3.333384e-02
74.25         	3.326968e-02
74.3          	3.320411e-02
74.35         	3.313906e-02
74.4          	3.307750e-02
74.45         	3.302251e-02
74.5          	3.297622e-02
74.55         	3.294115e-02
74.6          	3.291891e-02
74.65         	3.290830e-02
74.7          	3.290821e-02
74.75         	3.291769e-02
74.8          	3.293332e-02
74.85         	3.295397e-02
74.9          	3.297940e-02
74.95         	3.300685e-02
75            	3.303463e-02
75.05         	3.306075e-02
75.1          	3.308115e-02
75.15         	3.308854e-02
75.2          	3.307345e-02
75.25         	3.302704e-02
75.3          	3.294432e-02
75.35         	3.282717e-02
75.4          	3.268317e-02
75.45         	3.252542e-02
75.5          	3.236556e-02
75.55         	3.220711e-02
75.6          	3.205505e-02
75.65         	3.191321e-02
75.7          	3.177813e-02
75.75         	3.164822e-02
75.8          	3.152119e-02
75.85         	3.139626e-02
75.9          	3.127263e-02
75.95         	3.115178e-02
76            	3.103583e-02
76.05         	3.092652e-02
76.1          	3.082683e-02
76.15         	3.073903e-02
76.2          	3.066439e-02
76.25         	3.060499e-02
76.3          	3.056225e-02
76.35         	3.053554e-02
76.4          	3.052382e-02
76.45         	3.052518e-02
76.5          	3.053805e-02
76.55         	3.056195e-02
76.6          	3.059674e-02
76.65         	3.064171e-02
76.7          	3.069653e-02
76.75         	3.076165e-02
76.8          	3.083769e-02
76.85         	3.092465e-02
76.9          	3.102074e-02
76.95         	3.112165e-02
77            	3.122749e-02
77.05         	3.133739e-02
77.1          	3.144799e-02
77.15         	3.155763e-02
77.2          	3.166448e-02
77.25         	3.176695e-02
77.3          	3.186325e-02
77.35         	3.195143e-02
77.4          	3.203078e-02
77.45         	3.210017e-02
77.5          	3.215671e-02
77.55         	3.219866e-02
77.6          	3.222625e-02
77.65         	3.224003e-02
77.7          	3.224098e-02
77.75         	3.223108e-02
77.8          	3.221176e-02
77.85         	3.218308e-02
77.9          	3.214424e-02
77.95         	3.209432e-02
78            	3.203180e-02
78.05         	3.195544e-02
78.1          	3.186488e-02
78.15         	3.176063e-02
78.2          	3.164555e-02
78.25         	3.152296e-02
78.3          	3.139575e-02
78.35         	3.127000e-02
78.4          	3.115121e-02
78.45         	3.104390e-02
78.5          	3.095311e-02
78.55         	3.088535e-02
78.6          	3.084225e-02
78.65         	3.082076e-02
78.7          	3.081538e-02
78.75         	3.082173e-02
78.8          	3.083709e-02
78.85         	3.085757e-02
78.9          	3.088134e-02
78.95         	3.090976e-02
79            	3.094340e-02
79.05         	3.098051e-02
79.1          	3.101818e-02
79.15         	3.105225e-02
79.2          	3.107686e-02
79.25         	3.108577e-02
79.3          	3.107386e-02
79.35         	3.104093e-02
79.4          	3.099110e-02
79.45         	3.093217e-02
79.5          	3.087475e-02
79.55         	3.083075e-02
79.6          	3.079952e-02
79.65         	3.077762e-02
79.7          	3.076734e-02
79.75         	3.077346e-02
79.8          	3.079551e-02
79.85         	3.083672e-02
79.9          	3.089465e-02
79.95         	3.096473e-02
80            	3.104972e-02
80.05         	3.114799e-02
80.1          	3.125544e-02
80.15         	3.137000e-02
80.2          	3.148938e-02
80.25         	3.161174e-02
80.3          	3.173650e-02
80.35         	3.186202e-02
80.4          	3.198637e-02
80.45         	3.210765e-02
80.5          	3.222459e-02
80.55         	3.233530e-02
80.6          	3.243854e-02
80.65         	3.253400e-02
80.7          	3.262167e-02
80.75         	3.270150e-02
80.8          	3.277418e-02
80.85         	3.284018e-02
80.9          	3.289760e-02
80.95         	3.294536e-02
81            	3.298242e-02
81.05         	3.300838e-02
81.1          	3.302294e-02
81.15         	3.302635e-02
81.2          	3.301903e-02
81.25         	3.300345e-02
81.3          	3.298170e-02
81.35         	3.295610e-02
81.4          	3.292849e-02
81.45         	3.290120e-02
81.5          	3.288036e-02
81.55         	3.286902e-02
81.6          	3.286823e-02
81.65         	3.287666e-02
81.7          	3.288962e-02
81.75         	3.290044e-02
81.8          	3.290470e-02
81.85         	3.290129e-02
81.9          	3.289029e-02
81.95         	3.287172e-02
82            	3.284573e-02
82.05         	3.281269e-02
82.1          	3.277250e-02
82.15         	3.272528e-02
82.2          	3.267188e-02
82.25         	3.261381e-02
82.3          	3.255239e-02
82.35         	3.248822e-02
82.4          	3.242257e-02
82.45         	3.235608e-02
82.5          	3.228902e-02
82.55         	3.222277e-02
82.6          	3.215839e-02
82.65         	3.209654e-02
82.7          	3.203846e-02
82.75         	3.198539e-02
82.8          	3.193741e-02
82.85         	3.189487e-02
82.9          	3.185722e-02
82.95         	3.182301e-02
83            	3.178968e-02
83.05         	3.175384e-02
83.1          	3.171221e-02
83.15         	3.166396e-02
83.2          	3.161114e-02
83.25         	3.155685e-02
83.3          	3.150587e-02
83.35         	3.146412e-02
83.4          	3.143666e-02
83.45         	3.142603e-02
83.5          	3.143181e-02
83.55         	3.145195e-02
83.6          	3.148375e-02
83.65         	3.152506e-02
83.7          	3.157397e-02
83.75         	3.162843e-02
83.8          	3.168624e-02
83.85         	3.174513e-02
83.9          	3.180289e-02
83.95         	3.185763e-02
84            	3.190782e-02
84.05         	3.195183e-02
84.1          	3.198780e-02
84.15         	3.201401e-02
84.2          	3.202783e-02
84.25         	3.202547e-02
84.3          	3.200319e-02
84.35         	3.195918e-02
84.4          	3.189457e-02
84.45         	3.181391e-02
84.5          	3.172289e-02
84.55         	3.162406e-02
84.6          	3.151965e-02
84.65         	3.141093e-02
84.7          	3.129932e-02
84.75         	3.118594e-02
84.8          	3.107032e-02
84.85         	3.095184e-02
84.9          	3.083294e-02
84.95         	3.071490e-02
85            	3.060076e-02
85.05         	3.049455e-02
85.1          	3.040040e-02
85.15         	3.032091e-02
85.2          	3.025757e-02
85.25         	3.021059e-02
85.3          	3.017964e-02
85.35         	3.016466e-02
85.4          	3.016608e-02
85.45         	3.018089e-02
85.5          	3.020666e-02
85.55         	3.023880e-02
85.6          	3.027058e-02
85.65         	3.030012e-02
85.7          	3.033237e-02
85.75         	3.037163e-02
85.8          	3.042126e-02
85.85         	3.048374e-02
85.9          	3.056287e-02
85.95         	3.065912e-02
86            	3.077100e-02
86.05         	3.089735e-02
86.1          	3.103487e-02
86.15         	3.117900e-02
86.2          	3.132666e-02
86.25         	3.147459e-02
86.3          	3.161889e-02
86.35         	3.175679e-02
86.4          	3.188579e-02
86.45         	3.200503e-02
86.5          	3.211498e-02
86.55         	3.221628e-02
86.6          	3.230953e-02
86.65         	3.239491e-02
86.7          	3.247209e-02
86.75         	3.254122e-02
86.8          	3.260304e-02
86.85         	3.265919e-02
86.9          	3.271204e-02
86.95         	3.276414e-02
87            	3.281723e-02
87.05         	3.287261e-02
87.1          	3.292996e-02
87.15         	3.298900e-02
87.2          	3.304858e-02
87.25         	3.310698e-02
87.3          	3.316255e-02
87.35         	3.321289e-02
87.4          	3.325501e-02
87.45         	3.328547e-02
87.5          	3.330102e-02
87.55         	3.329972e-02
87.6          	3.327988e-02
87.65         	3.324135e-02
87.7          	3.318665e-02
87.75         	3.311945e-02
87.8          	3.304318e-02
87.85         	3.296195e-02
87.9          	3.288034e-02
87.95         	3.280402e-02
88            	3.273825e-02
88.05         	3.268716e-02
88.1          	3.265310e-02
88.15         	3.263644e-02
88.2          	3.263583e-02
88.25         	3.264756e-02
88.3          	3.266705e-02
88.35         	3.269075e-02
88.4          	3.271704e-02
88.45         	3.274387e-02
88.5          	3.276925e-02
88.55         	3.279165e-02
88.6          	3.280947e-02
88.65         	3.282161e-02
88.7          	3.282665e-02
88.75         	3.282266e-02
88.8          	3.280751e-02
88.85         	3.277884e-02
88.9          	3.273525e-02
88.95         	3.267694e-02
89            	3.260596e-02
89.05         	3.252762e-02
89.1          	3.244829e-02
89.15         	3.237569e-02
89.2          	3.231392e-02
89.25         	3.226299e-02
89.3          	3.221971e-02
89.35         	3.217685e-02
89.4          	3.212417e-02
89.45         	3.205301e-02
89.5          	3.195749e-02
89.55         	3.183649e-02
89.6          	3.170078e-02
89.65         	3.155824e-02
89.7          	3.142600e-02
89.75         	3.131284e-02
89.8          	3.122425e-02
89.85         	3.116110e-02
89.9          	3.112400e-02
89.95         	3.110880e-02
90            	3.111148e-02
