# Region      : all 
# Cells       : 16000
# Volume      : 2.000000e-03
# Time        	volAverage(alpha.air)
0             	0.000000e+00
0.05          	9.041497e-04
0.1           	1.404150e-03
0.15          	1.904298e-03
0.2           	2.404316e-03
0.25          	2.906134e-03
0.3           	3.406141e-03
0.35          	3.906141e-03
0.4           	4.406144e-03
0.45          	4.906149e-03
0.5           	5.406149e-03
0.55          	5.906149e-03
0.6           	6.406150e-03
0.65          	6.906150e-03
0.7           	7.406150e-03
0.75          	7.906150e-03
0.8           	8.406150e-03
0.85          	8.906150e-03
0.9           	9.406150e-03
0.95          	9.906150e-03
1             	1.040616e-02
1.05          	1.090616e-02
1.1           	1.140616e-02
1.15          	1.190616e-02
1.2           	1.240616e-02
1.25          	1.290616e-02
1.3           	1.340616e-02
1.35          	1.390616e-02
1.4           	1.440617e-02
1.45          	1.490617e-02
1.5           	1.540621e-02
1.55          	1.590621e-02
1.6           	1.640621e-02
1.65          	1.690622e-02
1.7           	1.740622e-02
1.75          	1.790622e-02
1.8           	1.840622e-02
1.85          	1.890623e-02
1.9           	1.940623e-02
1.95          	1.990623e-02
2             	2.040623e-02
2.05          	2.090623e-02
2.1           	2.140623e-02
2.15          	2.190623e-02
2.2           	2.240623e-02
2.25          	2.290638e-02
2.3           	2.340638e-02
2.35          	2.390638e-02
2.4           	2.440638e-02
2.45          	2.490638e-02
2.5           	2.540638e-02
2.55          	2.590638e-02
2.6           	2.640638e-02
2.65          	2.690638e-02
2.7           	2.740638e-02
2.75          	2.790638e-02
2.8           	2.840638e-02
2.85          	2.890638e-02
2.9           	2.940638e-02
2.95          	2.990639e-02
3             	3.040639e-02
3.05          	3.090639e-02
3.1           	3.140639e-02
3.15          	3.190640e-02
3.2           	3.240640e-02
3.25          	3.290644e-02
3.3           	3.340644e-02
3.35          	3.390645e-02
3.4           	3.440645e-02
3.45          	3.490645e-02
3.5           	3.540645e-02
3.55          	3.590645e-02
3.6           	3.640645e-02
3.65          	3.690645e-02
3.7           	3.740613e-02
3.75          	3.790225e-02
3.8           	3.837854e-02
3.85          	3.876643e-02
3.9           	3.878685e-02
3.95          	3.814451e-02
4             	3.693973e-02
4.05          	3.537008e-02
4.1           	3.352490e-02
4.15          	3.149990e-02
4.2           	2.975465e-02
4.25          	2.845635e-02
4.3           	2.759241e-02
4.35          	2.710011e-02
4.4           	2.686736e-02
4.45          	2.677443e-02
4.5           	2.675693e-02
4.55          	2.678135e-02
4.6           	2.683015e-02
4.65          	2.689381e-02
4.7           	2.696494e-02
4.75          	2.703804e-02
4.8           	2.711062e-02
4.85          	2.718335e-02
4.9           	2.725860e-02
4.95          	2.733851e-02
5             	2.742510e-02
5.05          	2.751761e-02
5.1           	2.761600e-02
5.15          	2.771886e-02
5.2           	2.782373e-02
5.25          	2.792752e-02
5.3           	2.802856e-02
5.35          	2.812245e-02
5.4           	2.821005e-02
5.45          	2.829380e-02
5.5           	2.837379e-02
5.55          	2.845320e-02
5.6           	2.853329e-02
5.65          	2.861471e-02
5.7           	2.869731e-02
5.75          	2.878056e-02
5.8           	2.886375e-02
5.85          	2.894553e-02
5.9           	2.902506e-02
5.95          	2.910145e-02
6             	2.917401e-02
6.05          	2.924209e-02
6.1           	2.930541e-02
6.15          	2.936379e-02
6.2           	2.941769e-02
6.25          	2.946711e-02
6.3           	2.951309e-02
6.35          	2.955652e-02
6.4           	2.959817e-02
6.45          	2.963861e-02
6.5           	2.967830e-02
6.55          	2.971743e-02
6.6           	2.975610e-02
6.65          	2.979428e-02
6.7           	2.983197e-02
6.75          	2.986919e-02
6.8           	2.990603e-02
6.85          	2.994278e-02
6.9           	2.997972e-02
6.95          	3.001636e-02
7             	3.005257e-02
7.05          	3.008841e-02
7.1           	3.012374e-02
7.15          	3.015859e-02
7.2           	3.019301e-02
7.25          	3.022621e-02
7.3           	3.025839e-02
7.35          	3.028933e-02
7.4           	3.031887e-02
7.45          	3.034700e-02
7.5           	3.037342e-02
7.55          	3.039815e-02
7.6           	3.042122e-02
7.65          	3.044266e-02
7.7           	3.046272e-02
7.75          	3.048127e-02
7.8           	3.049863e-02
7.85          	3.051498e-02
7.9           	3.057963e-02
7.95          	3.059415e-02
8             	3.060761e-02
8.05          	3.061983e-02
8.1           	3.063051e-02
8.15          	3.063933e-02
8.2           	3.064594e-02
8.25          	3.065011e-02
8.3           	3.065181e-02
8.35          	3.065123e-02
8.4           	3.064869e-02
8.45          	3.064474e-02
8.5           	3.064018e-02
8.55          	3.063555e-02
8.6           	3.063160e-02
8.65          	3.062900e-02
8.7           	3.062839e-02
8.75          	3.063039e-02
8.8           	3.063544e-02
8.85          	3.064377e-02
8.9           	3.065541e-02
8.95          	3.067020e-02
9             	3.068781e-02
9.05          	3.070841e-02
9.1           	3.072982e-02
9.15          	3.075203e-02
9.2           	3.077440e-02
9.25          	3.079636e-02
9.3           	3.081744e-02
9.35          	3.083742e-02
9.4           	3.085628e-02
9.45          	3.087410e-02
9.5           	3.089188e-02
9.55          	3.090864e-02
9.6           	3.092548e-02
9.65          	3.094289e-02
9.7           	3.096142e-02
9.75          	3.098162e-02
9.8           	3.100406e-02
9.85          	3.102917e-02
9.9           	3.105726e-02
9.95          	3.108868e-02
10            	3.112346e-02
10.05         	3.116153e-02
10.1          	3.120277e-02
10.15         	3.124678e-02
10.2          	3.129285e-02
10.25         	3.134017e-02
10.3          	3.138902e-02
10.35         	3.143608e-02
10.4          	3.148156e-02
10.45         	3.152435e-02
10.5          	3.156357e-02
10.55         	3.159853e-02
10.6          	3.162838e-02
10.65         	3.165195e-02
10.7          	3.166798e-02
10.75         	3.167509e-02
10.8          	3.167196e-02
10.85         	3.165743e-02
10.9          	3.163033e-02
10.95         	3.159105e-02
11            	3.154118e-02
11.05         	3.148037e-02
11.1          	3.141038e-02
11.15         	3.133458e-02
11.2          	3.125741e-02
11.25         	3.118352e-02
11.3          	3.111763e-02
11.35         	3.106237e-02
11.4          	3.101942e-02
11.45         	3.099055e-02
11.5          	3.097574e-02
11.55         	3.097417e-02
11.6          	3.098502e-02
11.65         	3.100669e-02
11.7          	3.103744e-02
11.75         	3.107516e-02
11.8          	3.113558e-02
11.85         	3.118119e-02
11.9          	3.122845e-02
11.95         	3.127585e-02
12            	3.132202e-02
12.05         	3.136573e-02
12.1          	3.140598e-02
12.15         	3.144193e-02
12.2          	3.147492e-02
12.25         	3.150114e-02
12.3          	3.152207e-02
12.35         	3.153757e-02
12.4          	3.154733e-02
12.45         	3.155086e-02
12.5          	3.154973e-02
12.55         	3.153948e-02
12.6          	3.152222e-02
12.65         	3.149854e-02
12.7          	3.270888e-02
12.75         	3.330383e-02
12.8          	3.433500e-02
12.85         	3.496303e-02
12.9          	3.495413e-02
12.95         	3.492868e-02
13            	3.490898e-02
13.05         	3.489616e-02
13.1          	3.489052e-02
13.15         	3.489139e-02
13.2          	3.489726e-02
13.25         	3.490585e-02
13.3          	3.491452e-02
13.35         	3.492089e-02
13.4          	3.492265e-02
13.45         	3.491828e-02
13.5          	3.490735e-02
13.55         	3.489010e-02
13.6          	3.491391e-02
13.65         	3.488713e-02
13.7          	3.485749e-02
13.75         	3.482636e-02
13.8          	3.479534e-02
13.85         	3.476590e-02
13.9          	3.474063e-02
13.95         	3.471773e-02
14            	3.469908e-02
14.05         	3.468481e-02
14.1          	3.467470e-02
14.15         	3.467564e-02
14.2          	3.467395e-02
14.25         	3.467427e-02
14.3          	3.467733e-02
14.35         	3.468274e-02
14.4          	3.468986e-02
14.45         	3.469817e-02
14.5          	3.470706e-02
14.55         	3.471580e-02
14.6          	3.473373e-02
14.65         	3.474035e-02
14.7          	3.474550e-02
14.75         	3.474951e-02
14.8          	3.475305e-02
14.85         	3.475693e-02
14.9          	3.476169e-02
14.95         	3.476963e-02
15            	3.477665e-02
15.05         	3.478415e-02
15.1          	3.479109e-02
15.15         	3.479611e-02
15.2          	3.479771e-02
15.25         	3.479406e-02
15.3          	3.478255e-02
15.35         	3.475895e-02
15.4          	3.471664e-02
15.45         	3.464600e-02
15.5          	3.453499e-02
15.55         	3.437233e-02
15.6          	3.415099e-02
15.65         	3.387124e-02
15.7          	3.354566e-02
15.75         	3.319355e-02
15.8          	3.283527e-02
15.85         	3.248631e-02
15.9          	3.215861e-02
15.95         	3.186447e-02
16            	3.161349e-02
16.05         	3.140432e-02
16.1          	3.123057e-02
16.15         	3.108636e-02
16.2          	3.097008e-02
16.25         	3.087925e-02
16.3          	3.080921e-02
16.35         	3.075460e-02
16.4          	3.071073e-02
16.45         	3.067445e-02
16.5          	3.064483e-02
16.55         	3.062192e-02
16.6          	3.060617e-02
16.65         	3.059885e-02
16.7          	3.059992e-02
16.75         	3.060803e-02
16.8          	3.062066e-02
16.85         	3.063513e-02
16.9          	3.064881e-02
16.95         	3.065955e-02
17            	3.066541e-02
17.05         	3.066459e-02
17.1          	3.065580e-02
17.15         	3.063814e-02
17.2          	3.061094e-02
17.25         	3.057413e-02
17.3          	3.052827e-02
17.35         	3.047544e-02
17.4          	3.041957e-02
17.45         	3.036276e-02
17.5          	3.030710e-02
17.55         	3.025502e-02
17.6          	3.025927e-02
17.65         	3.023858e-02
17.7          	3.021977e-02
17.75         	3.021682e-02
17.8          	3.022914e-02
17.85         	3.025506e-02
17.9          	3.029364e-02
17.95         	3.034280e-02
18            	3.041567e-02
18.05         	3.047977e-02
18.1          	3.054795e-02
18.15         	3.061833e-02
18.2          	3.068934e-02
18.25         	3.076006e-02
18.3          	3.082948e-02
18.35         	3.089675e-02
18.4          	3.096108e-02
18.45         	3.102199e-02
18.5          	3.107911e-02
18.55         	3.113235e-02
18.6          	3.118144e-02
18.65         	3.122615e-02
18.7          	3.126629e-02
18.75         	3.130172e-02
18.8          	3.133229e-02
18.85         	3.135778e-02
18.9          	3.137791e-02
18.95         	3.139238e-02
19            	3.140080e-02
19.05         	3.140281e-02
19.1          	3.143395e-02
19.15         	3.142214e-02
19.2          	3.140314e-02
19.25         	3.137701e-02
19.3          	3.134417e-02
19.35         	3.130538e-02
19.4          	3.128608e-02
19.45         	3.123925e-02
19.5          	3.119102e-02
19.55         	3.114346e-02
19.6          	3.109879e-02
19.65         	3.105913e-02
19.7          	3.102597e-02
19.75         	3.099993e-02
19.8          	3.098093e-02
19.85         	3.096848e-02
19.9          	3.096200e-02
19.95         	3.096112e-02
20            	3.096568e-02
20.05         	3.097582e-02
20.1          	3.099171e-02
20.15         	3.101336e-02
20.2          	3.104046e-02
20.25         	3.107227e-02
20.3          	3.110772e-02
20.35         	3.114552e-02
20.4          	3.118426e-02
20.45         	3.122256e-02
20.5          	3.125913e-02
20.55         	3.129276e-02
20.6          	3.132231e-02
20.65         	3.134688e-02
20.7          	3.136578e-02
20.75         	3.164758e-02
20.8          	3.165438e-02
20.85         	3.165555e-02
20.9          	3.165195e-02
20.95         	3.164478e-02
21            	3.163558e-02
21.05         	3.162603e-02
21.1          	3.161764e-02
21.15         	3.161156e-02
21.2          	3.160831e-02
21.25         	3.160767e-02
21.3          	3.160891e-02
21.35         	3.161091e-02
21.4          	3.161240e-02
21.45         	3.161212e-02
21.5          	3.160889e-02
21.55         	3.160166e-02
21.6          	3.158975e-02
21.65         	3.157272e-02
21.7          	3.155038e-02
21.75         	3.152277e-02
21.8          	3.149015e-02
21.85         	3.145311e-02
21.9          	3.141255e-02
21.95         	3.136941e-02
22            	3.132472e-02
22.05         	3.127962e-02
22.1          	3.123509e-02
22.15         	3.119257e-02
22.2          	3.115336e-02
22.25         	3.111834e-02
22.3          	3.108773e-02
22.35         	3.106664e-02
22.4          	3.104483e-02
22.45         	3.102741e-02
22.5          	3.101461e-02
22.55         	3.101665e-02
22.6          	3.101412e-02
22.65         	3.101729e-02
22.7          	3.102634e-02
22.75         	3.104220e-02
22.8          	3.106313e-02
22.85         	3.108990e-02
22.9          	3.112550e-02
22.95         	3.116289e-02
23            	3.120473e-02
23.05         	3.125025e-02
23.1          	3.129843e-02
23.15         	3.135748e-02
23.2          	3.140792e-02
23.25         	3.145780e-02
23.3          	3.150597e-02
23.35         	3.155129e-02
23.4          	3.159282e-02
23.45         	3.162963e-02
23.5          	3.166071e-02
23.55         	3.168499e-02
23.6          	3.170113e-02
23.65         	3.170766e-02
23.7          	3.170314e-02
23.75         	3.168649e-02
23.8          	3.165792e-02
23.85         	3.161866e-02
23.9          	3.157281e-02
23.95         	3.152421e-02
24            	3.147517e-02
24.05         	3.142808e-02
24.1          	3.138550e-02
24.15         	3.134971e-02
24.2          	3.132312e-02
24.25         	3.151491e-02
24.3          	3.150870e-02
24.35         	3.150820e-02
24.4          	3.151439e-02
24.45         	3.152600e-02
24.5          	3.154163e-02
24.55         	3.156004e-02
24.6          	3.157911e-02
24.65         	3.159666e-02
24.7          	3.161048e-02
24.75         	3.186929e-02
24.8          	3.187121e-02
24.85         	3.186623e-02
24.9          	3.185436e-02
24.95         	3.183591e-02
25            	3.181143e-02
25.05         	3.178249e-02
25.1          	3.175098e-02
25.15         	3.171882e-02
25.2          	3.168781e-02
25.25         	3.165907e-02
25.3          	3.163321e-02
25.35         	3.160976e-02
25.4          	3.158753e-02
25.45         	3.156526e-02
25.5          	3.154200e-02
25.55         	3.151727e-02
25.6          	3.149145e-02
25.65         	3.146567e-02
25.7          	3.144147e-02
25.75         	3.142051e-02
25.8          	3.141349e-02
25.85         	3.140324e-02
25.9          	3.139957e-02
25.95         	3.140271e-02
26            	3.141235e-02
26.05         	3.142780e-02
26.1          	3.144803e-02
26.15         	3.147185e-02
26.2          	3.149794e-02
26.25         	3.152507e-02
26.3          	3.177671e-02
26.35         	3.180325e-02
26.4          	3.182857e-02
26.45         	3.185222e-02
26.5          	3.187367e-02
26.55         	3.189228e-02
26.6          	3.190737e-02
26.65         	3.192508e-02
26.7          	3.193177e-02
26.75         	3.193425e-02
26.8          	3.193300e-02
26.85         	3.192870e-02
26.9          	3.192211e-02
26.95         	3.191392e-02
27            	3.190468e-02
27.05         	3.189473e-02
27.1          	3.188428e-02
27.15         	3.187349e-02
27.2          	3.186226e-02
27.25         	3.185065e-02
27.3          	3.183863e-02
27.35         	3.182907e-02
27.4          	3.181568e-02
27.45         	3.180088e-02
27.5          	3.178399e-02
27.55         	3.176416e-02
27.6          	3.174035e-02
27.65         	3.171172e-02
27.7          	3.167795e-02
27.75         	3.163954e-02
27.8          	3.159775e-02
27.85         	3.155429e-02
27.9          	3.151085e-02
27.95         	3.146897e-02
28            	3.142995e-02
28.05         	3.139474e-02
28.1          	3.136407e-02
28.15         	3.133845e-02
28.2          	3.131837e-02
28.25         	3.130416e-02
28.3          	3.129581e-02
28.35         	3.129291e-02
28.4          	3.129450e-02
28.45         	3.129917e-02
28.5          	3.130514e-02
28.55         	3.131049e-02
28.6          	3.131350e-02
28.65         	3.131269e-02
28.7          	3.130693e-02
28.75         	3.129561e-02
28.8          	3.127873e-02
28.85         	3.125655e-02
28.9          	3.122965e-02
28.95         	3.119852e-02
29            	3.116394e-02
29.05         	3.112683e-02
29.1          	3.108800e-02
29.15         	3.104829e-02
29.2          	3.100849e-02
29.25         	3.096932e-02
29.3          	3.093134e-02
29.35         	3.089497e-02
29.4          	3.086042e-02
29.45         	3.082780e-02
29.5          	3.079710e-02
29.55         	3.076833e-02
29.6          	3.074157e-02
29.65         	3.071699e-02
29.7          	3.069480e-02
29.75         	3.067532e-02
29.8          	3.065886e-02
29.85         	3.064556e-02
29.9          	3.063532e-02
29.95         	3.062789e-02
30            	3.062282e-02
30.05         	3.061959e-02
30.1          	3.061765e-02
30.15         	3.061661e-02
30.2          	3.061629e-02
30.25         	3.061677e-02
30.3          	3.061834e-02
30.35         	3.062128e-02
30.4          	3.062602e-02
30.45         	3.063285e-02
30.5          	3.064191e-02
30.55         	3.065321e-02
30.6          	3.066659e-02
30.65         	3.068176e-02
30.7          	3.069831e-02
30.75         	3.072216e-02
30.8          	3.074024e-02
30.85         	3.075849e-02
30.9          	3.077666e-02
30.95         	3.079459e-02
31            	3.081224e-02
31.05         	3.082962e-02
31.1          	3.084680e-02
31.15         	3.086386e-02
31.2          	3.088089e-02
31.25         	3.089792e-02
31.3          	3.091499e-02
31.35         	3.093202e-02
31.4          	3.094883e-02
31.45         	3.096526e-02
31.5          	3.098107e-02
31.55         	3.099600e-02
31.6          	3.100978e-02
31.65         	3.102225e-02
31.7          	3.103332e-02
31.75         	3.104304e-02
31.8          	3.105149e-02
31.85         	3.105881e-02
31.9          	3.106516e-02
31.95         	3.107063e-02
32            	3.107521e-02
32.05         	3.107879e-02
32.1          	3.108110e-02
32.15         	3.108178e-02
32.2          	3.108045e-02
32.25         	3.107667e-02
32.3          	3.107011e-02
32.35         	3.106045e-02
32.4          	3.104746e-02
32.45         	3.103087e-02
32.5          	3.101044e-02
32.55         	3.098610e-02
32.6          	3.095789e-02
32.65         	3.092587e-02
32.7          	3.089047e-02
32.75         	3.085232e-02
32.8          	3.081227e-02
32.85         	3.077153e-02
32.9          	3.073160e-02
32.95         	3.069409e-02
33            	3.066045e-02
33.05         	3.063181e-02
33.1          	3.060926e-02
33.15         	3.059352e-02
33.2          	3.058490e-02
33.25         	3.058339e-02
33.3          	3.058873e-02
33.35         	3.060044e-02
33.4          	3.061794e-02
33.45         	3.064060e-02
33.5          	3.066772e-02
33.55         	3.069862e-02
33.6          	3.073176e-02
33.65         	3.076608e-02
33.7          	3.080057e-02
33.75         	3.083419e-02
33.8          	3.086594e-02
33.85         	3.089496e-02
33.9          	3.092066e-02
33.95         	3.094266e-02
34            	3.096073e-02
34.05         	3.097472e-02
34.1          	3.098448e-02
34.15         	3.098986e-02
34.2          	3.099058e-02
34.25         	3.098682e-02
34.3          	3.097878e-02
34.35         	3.096684e-02
34.4          	3.095174e-02
34.45         	3.093437e-02
34.5          	3.091568e-02
34.55         	3.089656e-02
34.6          	3.087785e-02
34.65         	3.086026e-02
34.7          	3.084439e-02
34.75         	3.083074e-02
34.8          	3.081973e-02
34.85         	3.081181e-02
34.9          	3.080979e-02
34.95         	3.080914e-02
35            	3.081246e-02
35.05         	3.081983e-02
35.1          	3.083111e-02
35.15         	3.084602e-02
35.2          	3.086411e-02
35.25         	3.088482e-02
35.3          	3.091846e-02
35.35         	3.094238e-02
35.4          	3.096695e-02
35.45         	3.099162e-02
35.5          	3.101595e-02
35.55         	3.103962e-02
35.6          	3.106245e-02
35.65         	3.108435e-02
35.7          	3.110524e-02
35.75         	3.112495e-02
35.8          	3.114417e-02
35.85         	3.116051e-02
35.9          	3.117449e-02
35.95         	3.118531e-02
36            	3.119209e-02
36.05         	3.119801e-02
36.1          	3.119448e-02
36.15         	3.118541e-02
36.2          	3.117142e-02
36.25         	3.115382e-02
36.3          	3.113439e-02
36.35         	3.112018e-02
36.4          	3.110361e-02
36.45         	3.109122e-02
36.5          	3.108395e-02
36.55         	3.108177e-02
36.6          	3.108380e-02
36.65         	3.108847e-02
36.7          	3.109381e-02
36.75         	3.109783e-02
36.8          	3.109866e-02
36.85         	3.109483e-02
36.9          	3.108623e-02
36.95         	3.107328e-02
37            	3.105688e-02
37.05         	3.103843e-02
37.1          	3.101946e-02
37.15         	3.100144e-02
37.2          	3.098540e-02
37.25         	3.097305e-02
37.3          	3.096530e-02
37.35         	3.096210e-02
37.4          	3.096323e-02
37.45         	3.096807e-02
37.5          	3.097577e-02
37.55         	3.098574e-02
37.6          	3.099743e-02
37.65         	3.101045e-02
37.7          	3.102446e-02
37.75         	3.103900e-02
37.8          	3.105380e-02
37.85         	3.106862e-02
37.9          	3.108308e-02
37.95         	3.109685e-02
38            	3.110967e-02
38.05         	3.112124e-02
38.1          	3.113121e-02
38.15         	3.113930e-02
38.2          	3.114544e-02
38.25         	3.114973e-02
38.3          	3.115250e-02
38.35         	3.115427e-02
38.4          	3.115567e-02
38.45         	3.115744e-02
38.5          	3.116032e-02
38.55         	3.116538e-02
38.6          	3.117340e-02
38.65         	3.118485e-02
38.7          	3.119995e-02
38.75         	3.121856e-02
38.8          	3.124014e-02
38.85         	3.207510e-02
38.9          	3.209967e-02
38.95         	3.212346e-02
39            	3.214499e-02
39.05         	3.216289e-02
39.1          	3.217611e-02
39.15         	3.219451e-02
39.2          	3.219913e-02
39.25         	3.219418e-02
39.3          	3.218223e-02
39.35         	3.216290e-02
39.4          	3.213595e-02
39.45         	3.210168e-02
39.5          	3.206077e-02
39.55         	3.201437e-02
39.6          	3.196938e-02
39.65         	3.192035e-02
39.7          	3.186708e-02
39.75         	3.181473e-02
39.8          	3.176466e-02
39.85         	3.171849e-02
39.9          	3.167598e-02
39.95         	3.163817e-02
40            	3.160529e-02
40.05         	3.157735e-02
40.1          	3.155428e-02
40.15         	3.153588e-02
40.2          	3.152206e-02
40.25         	3.151267e-02
40.3          	3.150771e-02
40.35         	3.150715e-02
40.4          	3.151093e-02
40.45         	3.151910e-02
40.5          	3.153121e-02
40.55         	3.154718e-02
40.6          	3.156659e-02
40.65         	3.158910e-02
40.7          	3.161441e-02
40.75         	3.164218e-02
40.8          	3.167196e-02
40.85         	3.170330e-02
40.9          	3.173570e-02
40.95         	3.176863e-02
41            	3.180152e-02
41.05         	3.183389e-02
41.1          	3.186537e-02
41.15         	3.189558e-02
41.2          	3.192422e-02
41.25         	3.195109e-02
41.3          	3.197595e-02
41.35         	3.199851e-02
41.4          	3.201841e-02
41.45         	3.203501e-02
41.5          	3.204736e-02
41.55         	3.205416e-02
41.6          	3.205406e-02
41.65         	3.204602e-02
41.7          	3.202983e-02
41.75         	3.200664e-02
41.8          	3.197829e-02
41.85         	3.194695e-02
41.9          	3.191484e-02
41.95         	3.188411e-02
42            	3.185674e-02
42.05         	3.183434e-02
42.1          	3.185579e-02
42.15         	3.184600e-02
42.2          	3.184265e-02
42.25         	3.184512e-02
42.3          	3.185746e-02
42.35         	3.186830e-02
42.4          	3.188120e-02
42.45         	3.189447e-02
42.5          	3.190635e-02
42.55         	3.191520e-02
42.6          	3.191978e-02
42.65         	3.191938e-02
42.7          	3.191389e-02
42.75         	3.190362e-02
42.8          	3.188913e-02
42.85         	3.187120e-02
42.9          	3.185068e-02
42.95         	3.182842e-02
43            	3.180521e-02
43.05         	3.178152e-02
43.1          	3.175773e-02
43.15         	3.173398e-02
43.2          	3.171035e-02
43.25         	3.168686e-02
43.3          	3.166351e-02
43.35         	3.164022e-02
43.4          	3.161678e-02
43.45         	3.159284e-02
43.5          	3.156787e-02
43.55         	3.154115e-02
43.6          	3.151182e-02
43.65         	3.147896e-02
43.7          	3.144176e-02
43.75         	3.139967e-02
43.8          	3.135258e-02
43.85         	3.130066e-02
43.9          	3.124468e-02
43.95         	3.118602e-02
44            	3.112661e-02
44.05         	3.106890e-02
44.1          	3.101566e-02
44.15         	3.096945e-02
44.2          	3.093205e-02
44.25         	3.090423e-02
44.3          	3.088586e-02
44.35         	3.087619e-02
44.4          	3.087420e-02
44.45         	3.087867e-02
44.5          	3.088838e-02
44.55         	3.090224e-02
44.6          	3.091922e-02
44.65         	3.093846e-02
44.7          	3.095932e-02
44.75         	3.098129e-02
44.8          	3.100384e-02
44.85         	3.102646e-02
44.9          	3.104873e-02
44.95         	3.107028e-02
45            	3.109070e-02
45.05         	3.110944e-02
45.1          	3.112594e-02
45.15         	3.113940e-02
45.2          	3.114917e-02
45.25         	3.115473e-02
45.3          	3.115578e-02
45.35         	3.115230e-02
45.4          	3.115048e-02
45.45         	3.113907e-02
45.5          	3.112495e-02
45.55         	3.110932e-02
45.6          	3.109351e-02
45.65         	3.107894e-02
45.7          	3.106712e-02
45.75         	3.105947e-02
45.8          	3.105720e-02
45.85         	3.106114e-02
45.9          	3.107185e-02
45.95         	3.108941e-02
46            	3.111367e-02
46.05         	3.114412e-02
46.1          	3.123065e-02
46.15         	3.129229e-02
46.2          	3.133572e-02
46.25         	3.138095e-02
46.3          	3.142621e-02
46.35         	3.146999e-02
46.4          	3.151053e-02
46.45         	3.154590e-02
46.5          	3.157429e-02
46.55         	3.159308e-02
46.6          	3.160051e-02
46.65         	3.159477e-02
46.7          	3.157446e-02
46.75         	3.153890e-02
46.8          	3.148850e-02
46.85         	3.142514e-02
46.9          	3.135218e-02
46.95         	3.127398e-02
47            	3.119534e-02
47.05         	3.112084e-02
47.1          	3.105410e-02
47.15         	3.099734e-02
47.2          	3.095151e-02
47.25         	3.091659e-02
47.3          	3.089211e-02
47.35         	3.087732e-02
47.4          	3.087127e-02
47.45         	3.087358e-02
47.5          	3.088223e-02
47.55         	3.089691e-02
47.6          	3.091675e-02
47.65         	3.102576e-02
47.7          	3.105325e-02
47.75         	3.108299e-02
47.8          	3.111386e-02
47.85         	3.114481e-02
47.9          	3.117476e-02
47.95         	3.120301e-02
48            	3.122930e-02
48.05         	3.125316e-02
48.1          	3.127447e-02
48.15         	3.129467e-02
48.2          	3.131129e-02
48.25         	3.132602e-02
48.3          	3.133932e-02
48.35         	3.135173e-02
48.4          	3.136379e-02
48.45         	3.137597e-02
48.5          	3.138858e-02
48.55         	3.140162e-02
48.6          	3.141511e-02
48.65         	3.142876e-02
48.7          	3.144208e-02
48.75         	3.145445e-02
48.8          	3.146508e-02
48.85         	3.147298e-02
48.9          	3.147694e-02
48.95         	3.147556e-02
49            	3.146741e-02
49.05         	3.145127e-02
49.1          	3.142630e-02
49.15         	3.139269e-02
49.2          	3.135169e-02
49.25         	3.130575e-02
49.3          	3.125816e-02
49.35         	3.121178e-02
49.4          	3.116912e-02
49.45         	3.113245e-02
49.5          	3.110304e-02
49.55         	3.108977e-02
49.6          	3.107540e-02
49.65         	3.106707e-02
49.7          	3.106297e-02
49.75         	3.107767e-02
49.8          	3.107787e-02
49.85         	3.107796e-02
49.9          	3.107686e-02
49.95         	3.107387e-02
50            	3.106864e-02
50.05         	3.106174e-02
50.1          	3.105490e-02
50.15         	3.105014e-02
50.2          	3.107208e-02
50.25         	3.107554e-02
50.3          	3.108437e-02
50.35         	3.109796e-02
50.4          	3.111522e-02
50.45         	3.113498e-02
50.5          	3.115630e-02
50.55         	3.117869e-02
50.6          	3.120203e-02
50.65         	3.122670e-02
50.7          	3.125309e-02
50.75         	3.128374e-02
50.8          	3.131370e-02
50.85         	3.134491e-02
50.9          	3.137627e-02
50.95         	3.140650e-02
51            	3.143435e-02
51.05         	3.145806e-02
51.1          	3.147560e-02
51.15         	3.148894e-02
51.2          	3.148690e-02
51.25         	3.147148e-02
51.3          	3.144058e-02
51.35         	3.139234e-02
51.4          	3.133019e-02
51.45         	3.124601e-02
51.5          	3.114533e-02
51.55         	3.103091e-02
51.6          	3.090701e-02
51.65         	3.077926e-02
51.7          	3.065419e-02
51.75         	3.053946e-02
51.8          	3.044152e-02
51.85         	3.036373e-02
51.9          	3.030664e-02
51.95         	3.026988e-02
52            	3.025210e-02
52.05         	3.025101e-02
52.1          	3.026469e-02
52.15         	3.029139e-02
52.2          	3.032904e-02
52.25         	3.037549e-02
52.3          	3.042953e-02
52.35         	3.048660e-02
52.4          	3.054526e-02
52.45         	3.060401e-02
52.5          	3.066182e-02
52.55         	3.072502e-02
52.6          	3.077907e-02
52.65         	3.083175e-02
52.7          	3.088363e-02
52.75         	3.093524e-02
52.8          	3.098661e-02
52.85         	3.103717e-02
52.9          	3.108604e-02
52.95         	3.113228e-02
53            	3.117485e-02
53.05         	3.121274e-02
53.1          	3.124526e-02
53.15         	3.127203e-02
53.2          	3.129307e-02
53.25         	3.130890e-02
53.3          	3.132041e-02
53.35         	3.132886e-02
53.4          	3.133560e-02
53.45         	3.134195e-02
53.5          	3.138048e-02
53.55         	3.138912e-02
53.6          	3.140007e-02
53.65         	3.141477e-02
53.7          	3.143165e-02
53.75         	3.145189e-02
53.8          	3.147551e-02
53.85         	3.151102e-02
53.9          	3.154080e-02
53.95         	3.157299e-02
54            	3.160691e-02
54.05         	3.164157e-02
54.1          	3.167568e-02
54.15         	3.170758e-02
54.2          	3.173531e-02
54.25         	3.175658e-02
54.3          	3.176897e-02
54.35         	3.177013e-02
54.4          	3.175824e-02
54.45         	3.173228e-02
54.5          	3.169236e-02
54.55         	3.163958e-02
54.6          	3.157589e-02
54.65         	3.150368e-02
54.7          	3.142581e-02
54.75         	3.134547e-02
54.8          	3.126610e-02
54.85         	3.119137e-02
54.9          	3.112473e-02
54.95         	3.106908e-02
55            	3.102636e-02
55.05         	3.099739e-02
55.1          	3.098197e-02
55.15         	3.097910e-02
55.2          	3.098726e-02
55.25         	3.100454e-02
55.3          	3.102880e-02
55.35         	3.105763e-02
55.4          	3.108849e-02
55.45         	3.111884e-02
55.5          	3.114641e-02
55.55         	3.116932e-02
55.6          	3.118629e-02
55.65         	3.119675e-02
55.7          	3.120086e-02
55.75         	3.119924e-02
55.8          	3.119278e-02
55.85         	3.118245e-02
55.9          	3.116931e-02
55.95         	3.115414e-02
56            	3.113788e-02
56.05         	3.112146e-02
56.1          	3.110582e-02
56.15         	3.109208e-02
56.2          	3.108119e-02
56.25         	3.107421e-02
56.3          	3.107213e-02
56.35         	3.107556e-02
56.4          	3.108466e-02
56.45         	3.109914e-02
56.5          	3.111837e-02
56.55         	3.114149e-02
56.6          	3.116754e-02
56.65         	3.119554e-02
56.7          	3.122463e-02
56.75         	3.125403e-02
56.8          	3.128312e-02
56.85         	3.131141e-02
56.9          	3.133853e-02
56.95         	3.136418e-02
57            	3.138810e-02
57.05         	3.141005e-02
57.1          	3.142975e-02
57.15         	3.144694e-02
57.2          	3.146133e-02
57.25         	3.147266e-02
57.3          	3.148703e-02
57.35         	3.149161e-02
57.4          	3.149268e-02
57.45         	3.149024e-02
57.5          	3.148434e-02
57.55         	3.147509e-02
57.6          	3.146261e-02
57.65         	3.144707e-02
57.7          	3.142867e-02
57.75         	3.140764e-02
57.8          	3.138420e-02
57.85         	3.135861e-02
57.9          	3.133110e-02
57.95         	3.130191e-02
58            	3.127127e-02
58.05         	3.123936e-02
58.1          	3.120635e-02
58.15         	3.117236e-02
58.2          	3.113741e-02
58.25         	3.110150e-02
58.3          	3.106461e-02
58.35         	3.102671e-02
58.4          	3.098779e-02
58.45         	3.094785e-02
58.5          	3.090697e-02
58.55         	3.086523e-02
58.6          	3.082289e-02
58.65         	3.078031e-02
58.7          	3.073794e-02
58.75         	3.069624e-02
58.8          	3.065566e-02
58.85         	3.062934e-02
58.9          	3.059238e-02
58.95         	3.055798e-02
59            	3.052674e-02
59.05         	3.049935e-02
59.1          	3.047663e-02
59.15         	3.045937e-02
59.2          	3.044827e-02
59.25         	3.044394e-02
59.3          	3.044677e-02
59.35         	3.045696e-02
59.4          	3.047450e-02
59.45         	3.049914e-02
59.5          	3.053045e-02
59.55         	3.056783e-02
59.6          	3.061055e-02
59.65         	3.065782e-02
59.7          	3.070880e-02
59.75         	3.076264e-02
59.8          	3.081850e-02
59.85         	3.087549e-02
59.9          	3.093262e-02
59.95         	3.098871e-02
60            	3.104224e-02
60.05         	3.109146e-02
60.1          	3.113426e-02
60.15         	3.116845e-02
60.2          	3.119194e-02
60.25         	3.120320e-02
60.3          	3.120142e-02
60.35         	3.118672e-02
60.4          	3.118854e-02
60.45         	3.115109e-02
60.5          	3.110466e-02
60.55         	3.105106e-02
60.6          	3.099201e-02
60.65         	3.092922e-02
60.7          	3.086445e-02
60.75         	3.079947e-02
60.8          	3.073597e-02
60.85         	3.067567e-02
60.9          	3.061994e-02
60.95         	3.057014e-02
61            	3.052730e-02
61.05         	3.049246e-02
61.1          	3.048795e-02
61.15         	3.047151e-02
61.2          	3.046525e-02
61.25         	3.046965e-02
61.3          	3.048484e-02
61.35         	3.051064e-02
61.4          	3.054647e-02
61.45         	3.059123e-02
61.5          	3.064339e-02
61.55         	3.070098e-02
61.6          	3.076169e-02
61.65         	3.082303e-02
61.7          	3.088258e-02
61.75         	3.093812e-02
61.8          	3.098783e-02
61.85         	3.103049e-02
61.9          	3.106560e-02
61.95         	3.109330e-02
62            	3.111428e-02
62.05         	3.113237e-02
62.1          	3.114347e-02
62.15         	3.115193e-02
62.2          	3.115950e-02
62.25         	3.116782e-02
62.3          	3.117816e-02
62.35         	3.119131e-02
62.4          	3.120754e-02
62.45         	3.122672e-02
62.5          	3.126630e-02
62.55         	3.129313e-02
62.6          	3.131798e-02
62.65         	3.134319e-02
62.7          	3.136784e-02
62.75         	3.139105e-02
62.8          	3.141295e-02
62.85         	3.147508e-02
62.9          	3.149000e-02
62.95         	3.150134e-02
63            	3.150891e-02
63.05         	3.151240e-02
63.1          	3.151165e-02
63.15         	3.150656e-02
63.2          	3.149696e-02
63.25         	3.148273e-02
63.3          	3.146453e-02
63.35         	3.144161e-02
63.4          	3.141555e-02
63.45         	3.138768e-02
63.5          	3.135960e-02
63.55         	3.133283e-02
63.6          	3.130871e-02
63.65         	3.128812e-02
63.7          	3.130364e-02
63.75         	3.129077e-02
63.8          	3.128138e-02
63.85         	3.127358e-02
63.9          	3.176040e-02
63.95         	3.175186e-02
64            	3.174074e-02
64.05         	3.172610e-02
64.1          	3.170750e-02
64.15         	3.168491e-02
64.2          	3.165857e-02
64.25         	3.162880e-02
64.3          	3.159591e-02
64.35         	3.156006e-02
64.4          	3.152139e-02
64.45         	3.148005e-02
64.5          	3.143635e-02
64.55         	3.139081e-02
64.6          	3.134425e-02
64.65         	3.129773e-02
64.7          	3.125242e-02
64.75         	3.120945e-02
64.8          	3.116977e-02
64.85         	3.113411e-02
64.9          	3.110291e-02
64.95         	3.107638e-02
65            	3.105453e-02
65.05         	3.103724e-02
65.1          	3.102433e-02
65.15         	3.101561e-02
65.2          	3.101087e-02
65.25         	3.100993e-02
65.3          	3.101252e-02
65.35         	3.101827e-02
65.4          	3.102661e-02
65.45         	3.103698e-02
65.5          	3.104874e-02
65.55         	3.106125e-02
65.6          	3.107407e-02
65.65         	3.108706e-02
65.7          	3.110053e-02
65.75         	3.111499e-02
65.8          	3.113097e-02
65.85         	3.576114e-02
65.9          	3.795643e-02
65.95         	4.029981e-02
66            	4.246703e-02
66.05         	4.469228e-02
66.1          	4.727913e-02
66.15         	4.997630e-02
66.2          	5.317875e-02
66.25         	5.617567e-02
66.3          	5.931626e-02
66.35         	6.227388e-02
66.4          	6.500741e-02
66.45         	6.773951e-02
66.5          	7.010915e-02
66.55         	7.228320e-02
66.6          	7.481503e-02
66.65         	7.729380e-02
66.7          	7.947697e-02
66.75         	8.237983e-02
66.8          	8.545465e-02
66.85         	8.861090e-02
66.9          	9.190294e-02
66.95         	9.473126e-02
67            	9.757078e-02
67.05         	1.003732e-01
67.1          	1.031881e-01
67.15         	1.064139e-01
67.2          	1.096235e-01
67.25         	1.126941e-01
67.3          	1.157638e-01
67.35         	1.176267e-01
67.4          	1.189991e-01
67.45         	1.200901e-01
67.5          	1.213867e-01
67.55         	1.217416e-01
67.6          	1.217040e-01
67.65         	1.216608e-01
67.7          	1.216101e-01
67.75         	1.215540e-01
67.8          	1.214975e-01
67.85         	1.214388e-01
67.9          	1.213827e-01
67.95         	1.213314e-01
68            	1.212866e-01
68.05         	1.212492e-01
68.1          	1.212190e-01
68.15         	1.211946e-01
68.2          	1.211739e-01
68.25         	1.211527e-01
68.3          	1.211279e-01
68.35         	1.210776e-01
68.4          	1.209848e-01
68.45         	1.208305e-01
68.5          	1.205443e-01
68.55         	1.200857e-01
68.6          	1.193933e-01
68.65         	1.183881e-01
68.7          	1.171080e-01
68.75         	1.154851e-01
68.8          	1.137022e-01
68.85         	1.118558e-01
68.9          	1.100282e-01
68.95         	1.082547e-01
69            	1.065342e-01
69.05         	1.048507e-01
69.1          	1.032050e-01
69.15         	1.015757e-01
69.2          	1.000018e-01
69.25         	9.849481e-02
69.3          	9.704743e-02
69.35         	9.564901e-02
69.4          	9.428702e-02
69.45         	9.295385e-02
69.5          	9.164319e-02
69.55         	9.035290e-02
69.6          	8.908076e-02
69.65         	8.783183e-02
69.7          	8.659688e-02
69.75         	8.537016e-02
69.8          	8.414517e-02
69.85         	8.291443e-02
69.9          	8.167381e-02
69.95         	8.042385e-02
70            	7.916485e-02
70.05         	7.789265e-02
70.1          	7.660598e-02
70.15         	7.529641e-02
70.2          	7.396294e-02
70.25         	7.260316e-02
70.3          	7.122035e-02
70.35         	6.982622e-02
70.4          	6.842493e-02
70.45         	6.702099e-02
70.5          	6.561526e-02
70.55         	6.420724e-02
70.6          	6.279870e-02
70.65         	6.138978e-02
70.7          	5.999117e-02
70.75         	5.861058e-02
70.8          	5.725125e-02
70.85         	5.591499e-02
70.9          	5.459137e-02
70.95         	5.327736e-02
71            	5.197668e-02
71.05         	5.069178e-02
71.1          	4.945620e-02
71.15         	4.822315e-02
71.2          	4.702176e-02
71.25         	4.584953e-02
71.3          	4.470800e-02
71.35         	4.360604e-02
71.4          	4.255606e-02
71.45         	4.155483e-02
71.5          	4.060606e-02
71.55         	3.971784e-02
71.6          	3.889644e-02
71.65         	3.814328e-02
71.7          	3.745725e-02
71.75         	3.683788e-02
71.8          	3.628311e-02
71.85         	3.578957e-02
71.9          	3.535078e-02
71.95         	3.495911e-02
72            	3.461035e-02
72.05         	3.429987e-02
72.1          	3.402403e-02
72.15         	3.377977e-02
72.2          	3.356510e-02
72.25         	3.337725e-02
72.3          	3.321311e-02
72.35         	3.307061e-02
72.4          	3.294744e-02
72.45         	3.284100e-02
72.5          	3.274864e-02
72.55         	3.266780e-02
72.6          	3.259523e-02
72.65         	3.252676e-02
72.7          	3.246086e-02
72.75         	3.239538e-02
72.8          	3.232892e-02
72.85         	3.227319e-02
72.9          	3.220547e-02
72.95         	3.213780e-02
73            	3.206713e-02
73.05         	3.199222e-02
73.1          	3.191521e-02
73.15         	3.183574e-02
73.2          	3.175275e-02
73.25         	3.166688e-02
73.3          	3.158079e-02
73.35         	3.149741e-02
73.4          	3.141860e-02
73.45         	3.134554e-02
73.5          	3.127929e-02
73.55         	3.122028e-02
73.6          	3.116823e-02
73.65         	3.112241e-02
73.7          	3.108248e-02
73.75         	3.104754e-02
73.8          	3.101633e-02
73.85         	3.098723e-02
73.9          	3.095843e-02
73.95         	3.092794e-02
74            	3.089427e-02
74.05         	3.085689e-02
74.1          	3.081607e-02
74.15         	3.077279e-02
74.2          	3.072886e-02
74.25         	3.068606e-02
74.3          	3.064623e-02
74.35         	3.061511e-02
74.4          	3.058638e-02
74.45         	3.056387e-02
74.5          	3.054778e-02
74.55         	3.053848e-02
74.6          	3.053581e-02
74.65         	3.053927e-02
74.7          	3.054818e-02
74.75         	3.056158e-02
74.8          	3.057872e-02
74.85         	3.059880e-02
74.9          	3.062793e-02
74.95         	3.065084e-02
75            	3.067343e-02
75.05         	3.069459e-02
75.1          	3.071332e-02
75.15         	3.072893e-02
75.2          	3.074358e-02
75.25         	3.075152e-02
75.3          	3.075567e-02
75.35         	3.075654e-02
75.4          	3.075492e-02
75.45         	3.075883e-02
75.5          	3.075335e-02
75.55         	3.074761e-02
75.6          	3.074758e-02
75.65         	3.074349e-02
75.7          	3.074075e-02
75.75         	3.073956e-02
75.8          	3.074002e-02
75.85         	3.074225e-02
75.9          	3.074633e-02
75.95         	3.075227e-02
76            	3.076010e-02
76.05         	3.076981e-02
76.1          	3.078137e-02
76.15         	3.079462e-02
76.2          	3.082901e-02
76.25         	3.084495e-02
76.3          	3.086182e-02
76.35         	3.087941e-02
76.4          	3.089759e-02
76.45         	3.091637e-02
76.5          	3.093597e-02
76.55         	3.095619e-02
76.6          	3.097732e-02
76.65         	3.100165e-02
76.7          	3.102473e-02
76.75         	3.104879e-02
76.8          	3.107364e-02
76.85         	3.109926e-02
76.9          	3.112565e-02
76.95         	3.115278e-02
77            	3.118057e-02
77.05         	3.120886e-02
77.1          	3.123706e-02
77.15         	3.126459e-02
77.2          	3.129067e-02
77.25         	3.131448e-02
77.3          	3.287238e-02
77.35         	3.288956e-02
77.4          	3.290288e-02
77.45         	3.291230e-02
77.5          	3.291803e-02
77.55         	3.292039e-02
77.6          	3.291977e-02
77.65         	3.291661e-02
77.7          	3.291141e-02
77.75         	3.290484e-02
77.8          	3.289761e-02
77.85         	3.289057e-02
77.9          	3.288443e-02
77.95         	3.287978e-02
78            	3.288155e-02
78.05         	3.288107e-02
78.1          	3.288321e-02
78.15         	3.288836e-02
78.2          	3.289691e-02
78.25         	3.290908e-02
78.3          	3.292476e-02
78.35         	3.294328e-02
78.4          	3.296352e-02
78.45         	3.298394e-02
78.5          	3.300269e-02
78.55         	3.301799e-02
78.6          	3.302839e-02
78.65         	3.303295e-02
78.7          	3.303119e-02
78.75         	3.302298e-02
78.8          	3.300843e-02
78.85         	3.298758e-02
78.9          	3.296040e-02
78.95         	3.292667e-02
79            	3.288623e-02
79.05         	3.283907e-02
79.1          	3.278568e-02
79.15         	3.272643e-02
79.2          	3.266245e-02
79.25         	3.259633e-02
79.3          	3.253138e-02
79.35         	3.247089e-02
79.4          	3.241769e-02
79.45         	3.237377e-02
79.5          	3.234018e-02
79.55         	3.231713e-02
79.6          	3.230414e-02
79.65         	3.230045e-02
79.7          	3.230474e-02
79.75         	3.234805e-02
79.8          	3.238079e-02
79.85         	3.239817e-02
79.9          	3.241588e-02
79.95         	3.243149e-02
80            	3.244216e-02
80.05         	3.244471e-02
80.1          	3.243614e-02
80.15         	3.241466e-02
80.2          	3.237967e-02
80.25         	3.233191e-02
80.3          	3.227320e-02
80.35         	3.220599e-02
80.4          	3.213302e-02
80.45         	3.205700e-02
80.5          	3.198067e-02
80.55         	3.190711e-02
80.6          	3.183941e-02
80.65         	3.178007e-02
80.7          	3.173029e-02
80.75         	3.168967e-02
80.8          	3.165689e-02
80.85         	3.163012e-02
80.9          	3.160727e-02
80.95         	3.158684e-02
81            	3.156829e-02
81.05         	3.155126e-02
81.1          	3.153564e-02
81.15         	3.152180e-02
81.2          	3.151026e-02
81.25         	3.150122e-02
81.3          	3.149477e-02
81.35         	3.149088e-02
81.4          	3.148945e-02
81.45         	3.149031e-02
81.5          	3.149326e-02
81.55         	3.149804e-02
81.6          	3.150436e-02
81.65         	3.151205e-02
81.7          	3.152082e-02
81.75         	3.153038e-02
81.8          	3.154043e-02
81.85         	3.155072e-02
81.9          	3.156101e-02
81.95         	3.157105e-02
82            	3.158056e-02
82.05         	3.158929e-02
82.1          	3.159704e-02
82.15         	3.160366e-02
82.2          	3.160906e-02
82.25         	3.161324e-02
82.3          	3.161617e-02
82.35         	3.161786e-02
82.4          	3.161823e-02
82.45         	3.161708e-02
82.5          	3.161433e-02
82.55         	3.161001e-02
82.6          	3.160394e-02
82.65         	3.159598e-02
82.7          	3.158603e-02
82.75         	3.157399e-02
82.8          	3.155979e-02
82.85         	3.154333e-02
82.9          	3.152444e-02
82.95         	3.150301e-02
83            	3.147886e-02
83.05         	3.145186e-02
83.1          	3.142194e-02
83.15         	3.138905e-02
83.2          	3.135322e-02
83.25         	3.131465e-02
83.3          	3.127360e-02
83.35         	3.123054e-02
83.4          	3.118610e-02
83.45         	3.114119e-02
83.5          	3.109695e-02
83.55         	3.105467e-02
83.6          	3.101571e-02
83.65         	3.098149e-02
83.7          	3.095332e-02
83.75         	3.093233e-02
83.8          	3.091941e-02
83.85         	3.091503e-02
83.9          	3.091963e-02
83.95         	3.093244e-02
84            	3.095310e-02
84.05         	3.098065e-02
84.1          	3.101388e-02
84.15         	3.105140e-02
84.2          	3.109168e-02
84.25         	3.113316e-02
84.3          	3.117435e-02
84.35         	3.121392e-02
84.4          	3.125085e-02
84.45         	3.128432e-02
84.5          	3.131380e-02
84.55         	3.133910e-02
84.6          	3.136033e-02
84.65         	3.137783e-02
84.7          	3.139202e-02
84.75         	3.140337e-02
84.8          	3.141228e-02
84.85         	3.141912e-02
84.9          	3.142413e-02
84.95         	3.142761e-02
85            	3.142972e-02
85.05         	3.143057e-02
85.1          	3.143033e-02
85.15         	3.142914e-02
85.2          	3.142720e-02
85.25         	3.142481e-02
85.3          	3.142238e-02
85.35         	3.142044e-02
85.4          	3.141963e-02
85.45         	3.142055e-02
85.5          	3.142371e-02
85.55         	3.142944e-02
85.6          	3.143788e-02
85.65         	3.144892e-02
85.7          	3.146220e-02
85.75         	3.147719e-02
85.8          	3.149323e-02
85.85         	3.150960e-02
85.9          	3.152565e-02
85.95         	3.154076e-02
86            	3.155454e-02
86.05         	3.156677e-02
86.1          	3.157737e-02
86.15         	3.158637e-02
86.2          	3.159378e-02
86.25         	3.159949e-02
86.3          	3.160315e-02
86.35         	3.160420e-02
86.4          	3.160183e-02
86.45         	3.159508e-02
86.5          	3.158307e-02
86.55         	3.156533e-02
86.6          	3.154203e-02
86.65         	3.151397e-02
86.7          	3.148234e-02
86.75         	3.144855e-02
86.8          	3.141398e-02
86.85         	3.137980e-02
86.9          	3.134684e-02
86.95         	3.131574e-02
87            	3.129562e-02
87.05         	3.126882e-02
87.1          	3.124389e-02
87.15         	3.122016e-02
87.2          	3.119680e-02
87.25         	3.117299e-02
87.3          	3.115330e-02
87.35         	3.112726e-02
87.4          	3.110065e-02
87.45         	3.107477e-02
87.5          	3.105130e-02
87.55         	3.103139e-02
87.6          	3.101552e-02
87.65         	3.100329e-02
87.7          	3.099366e-02
87.75         	3.098540e-02
87.8          	3.097729e-02
87.85         	3.096814e-02
87.9          	3.095719e-02
87.95         	3.094361e-02
88            	3.092704e-02
88.05         	3.090762e-02
88.1          	3.088574e-02
88.15         	3.086220e-02
88.2          	3.083787e-02
88.25         	3.081365e-02
88.3          	3.079072e-02
88.35         	3.077063e-02
88.4          	3.075443e-02
88.45         	3.074284e-02
88.5          	3.073664e-02
88.55         	3.073650e-02
88.6          	3.074273e-02
88.65         	3.075502e-02
88.7          	3.077298e-02
88.75         	3.079548e-02
88.8          	3.082112e-02
88.85         	3.085059e-02
88.9          	3.087857e-02
88.95         	3.090608e-02
89            	3.093184e-02
89.05         	3.095694e-02
89.1          	3.097582e-02
89.15         	3.098994e-02
89.2          	3.099877e-02
89.25         	3.100197e-02
89.3          	3.099933e-02
89.35         	3.099085e-02
89.4          	3.097697e-02
89.45         	3.095824e-02
89.5          	3.093525e-02
89.55         	3.090854e-02
89.6          	3.087859e-02
89.65         	3.084603e-02
89.7          	3.081158e-02
89.75         	3.077594e-02
89.8          	3.074005e-02
89.85         	3.070488e-02
89.9          	3.067123e-02
89.95         	3.063974e-02
90            	3.061107e-02
