# Region      : all 
# Cells       : 16000
# Volume      : 2.000000e-03
# Time        	volAverage(alpha.air)
0             	0.000000e+00
0.05          	5.046558e-04
0.1           	1.004656e-03
0.15          	1.504656e-03
0.2           	2.004656e-03
0.25          	2.504656e-03
0.3           	3.004658e-03
0.35          	3.504658e-03
0.4           	4.004658e-03
0.45          	4.504658e-03
0.5           	5.004658e-03
0.55          	5.504659e-03
0.6           	6.004659e-03
0.65          	6.504688e-03
0.7           	7.004689e-03
0.75          	7.504689e-03
0.8           	8.004689e-03
0.85          	8.504689e-03
0.9           	9.004689e-03
0.95          	9.504689e-03
1             	1.000469e-02
1.05          	1.050469e-02
1.1           	1.100469e-02
1.15          	1.150469e-02
1.2           	1.200469e-02
1.25          	1.250470e-02
1.3           	1.300470e-02
1.35          	1.350470e-02
1.4           	1.400470e-02
1.45          	1.450470e-02
1.5           	1.500470e-02
1.55          	1.550470e-02
1.6           	1.600470e-02
1.65          	1.650470e-02
1.7           	1.700470e-02
1.75          	1.750470e-02
1.8           	1.800470e-02
1.85          	1.850470e-02
1.9           	1.900470e-02
1.95          	1.950470e-02
2             	2.000470e-02
2.05          	2.050470e-02
2.1           	2.100470e-02
2.15          	2.150470e-02
2.2           	2.200470e-02
2.25          	2.250470e-02
2.3           	2.300471e-02
2.35          	2.350471e-02
2.4           	2.400471e-02
2.45          	2.450471e-02
2.5           	2.500471e-02
2.55          	2.550471e-02
2.6           	2.600471e-02
2.65          	2.650471e-02
2.7           	2.700471e-02
2.75          	2.750471e-02
2.8           	2.800471e-02
2.85          	2.850471e-02
2.9           	2.900471e-02
2.95          	2.950471e-02
3             	3.000471e-02
3.05          	3.050471e-02
3.1           	3.100471e-02
3.15          	3.150471e-02
3.2           	3.200471e-02
3.25          	3.250471e-02
3.3           	3.300471e-02
3.35          	3.350471e-02
3.4           	3.400471e-02
3.45          	3.450471e-02
3.5           	3.500471e-02
3.55          	3.550471e-02
3.6           	3.600471e-02
3.65          	3.650471e-02
3.7           	3.700471e-02
3.75          	3.750471e-02
3.8           	3.800471e-02
3.85          	3.850471e-02
3.9           	3.900470e-02
3.95          	3.950428e-02
4             	3.999931e-02
4.05          	4.048011e-02
4.1           	4.093535e-02
4.15          	4.135451e-02
4.2           	4.172848e-02
4.25          	4.205046e-02
4.3           	4.231423e-02
4.35          	4.251283e-02
4.4           	4.263991e-02
4.45          	4.269760e-02
4.5           	4.270440e-02
4.55          	4.269335e-02
4.6           	4.268345e-02
4.65          	4.267745e-02
4.7           	4.267278e-02
4.75          	4.266609e-02
4.8           	4.265140e-02
4.85          	4.261828e-02
4.9           	4.255528e-02
4.95          	4.245870e-02
5             	4.237028e-02
5.05          	4.232666e-02
5.1           	4.231049e-02
5.15          	4.230416e-02
5.2           	4.229989e-02
5.25          	4.229161e-02
5.3           	4.227605e-02
5.35          	4.225150e-02
5.4           	4.222228e-02
5.45          	4.219365e-02
5.5           	4.216387e-02
5.55          	4.212909e-02
5.6           	4.208823e-02
5.65          	4.204759e-02
5.7           	4.201415e-02
5.75          	4.199233e-02
5.8           	4.197747e-02
5.85          	4.196973e-02
5.9           	4.197215e-02
5.95          	4.197756e-02
6             	4.198261e-02
6.05          	4.198725e-02
6.1           	4.199219e-02
6.15          	4.199654e-02
6.2           	4.199965e-02
6.25          	4.199988e-02
6.3           	4.199663e-02
6.35          	4.198912e-02
6.4           	4.197609e-02
6.45          	4.195745e-02
6.5           	4.193371e-02
6.55          	4.190546e-02
6.6           	4.187427e-02
6.65          	4.184076e-02
6.7           	4.180439e-02
6.75          	4.176496e-02
6.8           	4.172209e-02
6.85          	4.167613e-02
6.9           	4.162978e-02
6.95          	4.158593e-02
7             	4.154017e-02
7.05          	4.149101e-02
7.1           	4.143769e-02
7.15          	4.138066e-02
7.2           	4.131979e-02
7.25          	4.125593e-02
7.3           	4.118917e-02
7.35          	4.111819e-02
7.4           	4.104210e-02
7.45          	4.095968e-02
7.5           	4.087089e-02
7.55          	4.078085e-02
7.6           	4.069863e-02
7.65          	4.062994e-02
7.7           	4.057738e-02
7.75          	4.054217e-02
7.8           	4.052240e-02
7.85          	4.051549e-02
7.9           	4.051916e-02
7.95          	4.053075e-02
8             	4.054838e-02
8.05          	4.056984e-02
8.1           	4.059310e-02
8.15          	4.061728e-02
8.2           	4.064143e-02
8.25          	4.066559e-02
8.3           	4.068963e-02
8.35          	4.071352e-02
8.4           	4.073840e-02
8.45          	4.076507e-02
8.5           	4.079462e-02
8.55          	4.082798e-02
8.6           	4.086521e-02
8.65          	4.090592e-02
8.7           	4.094945e-02
8.75          	4.099484e-02
8.8           	4.104062e-02
8.85          	4.108507e-02
8.9           	4.112658e-02
8.95          	4.116327e-02
9             	4.119346e-02
9.05          	4.121581e-02
9.1           	4.122835e-02
9.15          	4.122951e-02
9.2           	4.121964e-02
9.25          	4.120126e-02
9.3           	4.117783e-02
9.35          	4.115354e-02
9.4           	4.113159e-02
9.45          	4.111323e-02
9.5           	4.109831e-02
9.55          	4.108528e-02
9.6           	4.107315e-02
9.65          	4.106150e-02
9.7           	4.105113e-02
9.75          	4.104348e-02
9.8           	4.103959e-02
9.85          	4.104008e-02
9.9           	4.104501e-02
9.95          	4.105365e-02
10            	4.106460e-02
10.05         	4.107586e-02
10.1          	4.108490e-02
10.15         	4.108804e-02
10.2          	4.108122e-02
10.25         	4.106255e-02
10.3          	4.103464e-02
10.35         	4.100251e-02
10.4          	4.096951e-02
10.45         	4.093745e-02
10.5          	4.090670e-02
10.55         	4.087604e-02
10.6          	4.084469e-02
10.65         	4.081157e-02
10.7          	4.077472e-02
10.75         	4.073278e-02
10.8          	4.068583e-02
10.85         	4.063531e-02
10.9          	4.058341e-02
10.95         	4.053242e-02
11            	4.048412e-02
11.05         	4.043937e-02
11.1          	4.039820e-02
11.15         	4.036036e-02
11.2          	4.032586e-02
11.25         	4.029462e-02
11.3          	4.026638e-02
11.35         	4.024074e-02
11.4          	4.021742e-02
11.45         	4.019624e-02
11.5          	4.017705e-02
11.55         	4.015981e-02
11.6          	4.014455e-02
11.65         	4.013116e-02
11.7          	4.011967e-02
11.75         	4.011015e-02
11.8          	4.010261e-02
11.85         	4.009681e-02
11.9          	4.009249e-02
11.95         	4.008921e-02
12            	4.008687e-02
12.05         	4.008555e-02
12.1          	4.008524e-02
12.15         	4.008608e-02
12.2          	4.008860e-02
12.25         	4.009362e-02
12.3          	4.010224e-02
12.35         	4.011579e-02
12.4          	4.013526e-02
12.45         	4.016019e-02
12.5          	4.018877e-02
12.55         	4.021833e-02
12.6          	4.024545e-02
12.65         	4.026653e-02
12.7          	4.027892e-02
12.75         	4.028136e-02
12.8          	4.027364e-02
12.85         	4.025618e-02
12.9          	4.023062e-02
12.95         	4.019901e-02
13            	4.016301e-02
13.05         	4.012301e-02
13.1          	4.007963e-02
13.15         	4.003491e-02
13.2          	3.999194e-02
13.25         	3.995522e-02
13.3          	3.992942e-02
13.35         	3.991781e-02
13.4          	3.992185e-02
13.45         	3.994184e-02
13.5          	3.997591e-02
13.55         	4.002038e-02
13.6          	4.007143e-02
13.65         	4.012550e-02
13.7          	4.017948e-02
13.75         	4.023103e-02
13.8          	4.027818e-02
13.85         	4.031970e-02
13.9          	4.035526e-02
13.95         	4.038321e-02
14            	4.040329e-02
14.05         	4.041608e-02
14.1          	4.042186e-02
14.15         	4.042160e-02
14.2          	4.041813e-02
14.25         	4.041377e-02
14.3          	4.041030e-02
14.35         	4.040774e-02
14.4          	4.040642e-02
14.45         	4.040800e-02
14.5          	4.041289e-02
14.55         	4.041949e-02
14.6          	4.042621e-02
14.65         	4.043147e-02
14.7          	4.043335e-02
14.75         	4.042965e-02
14.8          	4.041924e-02
14.85         	4.040195e-02
14.9          	4.037838e-02
14.95         	4.034976e-02
15            	4.031770e-02
15.05         	4.028392e-02
15.1          	4.025061e-02
15.15         	4.021958e-02
15.2          	4.019200e-02
15.25         	4.016899e-02
15.3          	4.015213e-02
15.35         	4.014278e-02
15.4          	4.014170e-02
15.45         	4.014977e-02
15.5          	4.016694e-02
15.55         	4.019108e-02
15.6          	4.021792e-02
15.65         	4.024233e-02
15.7          	4.025891e-02
15.75         	4.026276e-02
15.8          	4.024962e-02
15.85         	4.021713e-02
15.9          	4.016635e-02
15.95         	4.010031e-02
16            	4.002219e-02
16.05         	3.993852e-02
16.1          	3.986531e-02
16.15         	3.981691e-02
16.2          	3.979645e-02
16.25         	3.980050e-02
16.3          	3.981967e-02
16.35         	3.984909e-02
16.4          	3.988571e-02
16.45         	3.992694e-02
16.5          	3.997099e-02
16.55         	4.001467e-02
16.6          	4.005455e-02
16.65         	4.008980e-02
16.7          	4.012224e-02
16.75         	4.015640e-02
16.8          	4.019662e-02
16.85         	4.024451e-02
16.9          	4.030035e-02
16.95         	4.036531e-02
17            	4.043428e-02
17.05         	4.050222e-02
17.1          	4.057255e-02
17.15         	4.064048e-02
17.2          	4.070558e-02
17.25         	4.076940e-02
17.3          	4.083488e-02
17.35         	4.090283e-02
17.4          	4.097157e-02
17.45         	4.103911e-02
17.5          	4.110226e-02
17.55         	4.115678e-02
17.6          	4.120034e-02
17.65         	4.123188e-02
17.7          	4.125015e-02
17.75         	4.125380e-02
17.8          	4.124186e-02
17.85         	4.121691e-02
17.9          	4.118346e-02
17.95         	4.114588e-02
18            	4.110538e-02
18.05         	4.106097e-02
18.1          	4.101289e-02
18.15         	4.096633e-02
18.2          	4.092886e-02
18.25         	4.090731e-02
18.3          	4.090313e-02
18.35         	4.091563e-02
18.4          	4.094167e-02
18.45         	4.097676e-02
18.5          	4.101863e-02
18.55         	4.106463e-02
18.6          	4.111162e-02
18.65         	4.115818e-02
18.7          	4.120424e-02
18.75         	4.125030e-02
18.8          	4.129636e-02
18.85         	4.134158e-02
18.9          	4.138436e-02
18.95         	4.142339e-02
19            	4.145734e-02
19.05         	4.148594e-02
19.1          	4.150959e-02
19.15         	4.152874e-02
19.2          	4.154318e-02
19.25         	4.155170e-02
19.3          	4.155308e-02
19.35         	4.154681e-02
19.4          	4.153456e-02
19.45         	4.152153e-02
19.5          	4.150778e-02
19.55         	4.149280e-02
19.6          	4.147532e-02
19.65         	4.145129e-02
19.7          	4.142589e-02
19.75         	4.139557e-02
19.8          	4.136065e-02
19.85         	4.132291e-02
19.9          	4.128108e-02
19.95         	4.123761e-02
20            	4.119059e-02
20.05         	4.114107e-02
20.1          	4.109038e-02
20.15         	4.103976e-02
20.2          	4.098883e-02
20.25         	4.093644e-02
20.3          	4.088199e-02
20.35         	4.082754e-02
20.4          	4.077572e-02
20.45         	4.072731e-02
20.5          	4.068245e-02
20.55         	4.064089e-02
20.6          	4.060383e-02
20.65         	4.057312e-02
20.7          	4.055095e-02
20.75         	4.053964e-02
20.8          	4.054083e-02
20.85         	4.055482e-02
20.9          	4.058092e-02
20.95         	4.061829e-02
21            	4.066579e-02
21.05         	4.072097e-02
21.1          	4.078037e-02
21.15         	4.084005e-02
21.2          	4.089662e-02
21.25         	4.094817e-02
21.3          	4.099424e-02
21.35         	4.103540e-02
21.4          	4.107284e-02
21.45         	4.110745e-02
21.5          	4.113911e-02
21.55         	4.116642e-02
21.6          	4.118716e-02
21.65         	4.119973e-02
21.7          	4.120443e-02
21.75         	4.120280e-02
21.8          	4.119682e-02
21.85         	4.118772e-02
21.9          	4.117617e-02
21.95         	4.116273e-02
22            	4.114795e-02
22.05         	4.113233e-02
22.1          	4.111619e-02
22.15         	4.110074e-02
22.2          	4.108720e-02
22.25         	4.107673e-02
22.3          	4.107077e-02
22.35         	4.107137e-02
22.4          	4.107933e-02
22.45         	4.109330e-02
22.5          	4.111016e-02
22.55         	4.112539e-02
22.6          	4.113521e-02
22.65         	4.113878e-02
22.7          	4.113773e-02
22.75         	4.113394e-02
22.8          	4.112794e-02
22.85         	4.111879e-02
22.9          	4.110412e-02
22.95         	4.108024e-02
23            	4.104272e-02
23.05         	4.098887e-02
23.1          	4.091844e-02
23.15         	4.083295e-02
23.2          	4.073501e-02
23.25         	4.062778e-02
23.3          	4.051824e-02
23.35         	4.041913e-02
23.4          	4.033896e-02
23.45         	4.028307e-02
23.5          	4.025352e-02
23.55         	4.024436e-02
23.6          	4.024654e-02
23.65         	4.025492e-02
23.7          	4.026585e-02
23.75         	4.027714e-02
23.8          	4.028962e-02
23.85         	4.030604e-02
23.9          	4.032918e-02
23.95         	4.035941e-02
24            	4.039493e-02
24.05         	4.043347e-02
24.1          	4.047256e-02
24.15         	4.050989e-02
24.2          	4.054329e-02
24.25         	4.057082e-02
24.3          	4.059152e-02
24.35         	4.060576e-02
24.4          	4.061511e-02
24.45         	4.062343e-02
24.5          	4.063419e-02
24.55         	4.064947e-02
24.6          	4.066956e-02
24.65         	4.069400e-02
24.7          	4.071943e-02
24.75         	4.074507e-02
24.8          	4.077065e-02
24.85         	4.079011e-02
24.9          	4.080198e-02
24.95         	4.080784e-02
25            	4.081064e-02
25.05         	4.081342e-02
25.1          	4.082157e-02
25.15         	4.083917e-02
25.2          	4.086370e-02
25.25         	4.088961e-02
25.3          	4.091439e-02
25.35         	4.093658e-02
25.4          	4.095503e-02
25.45         	4.096834e-02
25.5          	4.097547e-02
25.55         	4.097490e-02
25.6          	4.096626e-02
25.65         	4.094936e-02
25.7          	4.092361e-02
25.75         	4.088779e-02
25.8          	4.084177e-02
25.85         	4.079315e-02
25.9          	4.074859e-02
25.95         	4.071261e-02
26            	4.069219e-02
26.05         	4.068969e-02
26.1          	4.070137e-02
26.15         	4.072111e-02
26.2          	4.074325e-02
26.25         	4.076439e-02
26.3          	4.078287e-02
26.35         	4.079822e-02
26.4          	4.081104e-02
26.45         	4.082258e-02
26.5          	4.083281e-02
26.55         	4.084139e-02
26.6          	4.084900e-02
26.65         	4.085682e-02
26.7          	4.086545e-02
26.75         	4.087571e-02
26.8          	4.088761e-02
26.85         	4.090030e-02
26.9          	4.091284e-02
26.95         	4.092516e-02
27            	4.093904e-02
27.05         	4.095665e-02
27.1          	4.097905e-02
27.15         	4.100157e-02
27.2          	4.102456e-02
27.25         	4.104471e-02
27.3          	4.105709e-02
27.35         	4.106354e-02
27.4          	4.106237e-02
27.45         	4.105353e-02
27.5          	4.103599e-02
27.55         	4.101056e-02
27.6          	4.097763e-02
27.65         	4.093723e-02
27.7          	4.088935e-02
27.75         	4.083266e-02
27.8          	4.076630e-02
27.85         	4.069311e-02
27.9          	4.061926e-02
27.95         	4.055539e-02
28            	4.051500e-02
28.05         	4.050788e-02
28.1          	4.052409e-02
28.15         	4.055072e-02
28.2          	4.058165e-02
28.25         	4.061298e-02
28.3          	4.064318e-02
28.35         	4.067108e-02
28.4          	4.069632e-02
28.45         	4.071854e-02
28.5          	4.073790e-02
28.55         	4.075446e-02
28.6          	4.076808e-02
28.65         	4.077848e-02
28.7          	4.078475e-02
28.75         	4.078670e-02
28.8          	4.078553e-02
28.85         	4.078336e-02
28.9          	4.078227e-02
28.95         	4.078324e-02
29            	4.078561e-02
29.05         	4.078884e-02
29.1          	4.079297e-02
29.15         	4.079809e-02
29.2          	4.080529e-02
29.25         	4.081512e-02
29.3          	4.082737e-02
29.35         	4.084325e-02
29.4          	4.086335e-02
29.45         	4.088526e-02
29.5          	4.090662e-02
29.55         	4.092464e-02
29.6          	4.093691e-02
29.65         	4.094298e-02
29.7          	4.094380e-02
29.75         	4.094133e-02
29.8          	4.093807e-02
29.85         	4.093588e-02
29.9          	4.093552e-02
29.95         	4.093556e-02
30            	4.093267e-02
30.05         	4.092330e-02
30.1          	4.090512e-02
30.15         	4.087746e-02
30.2          	4.083995e-02
30.25         	4.079310e-02
30.3          	4.073784e-02
30.35         	4.067510e-02
30.4          	4.060878e-02
30.45         	4.054300e-02
30.5          	4.047969e-02
30.55         	4.042532e-02
30.6          	4.038249e-02
30.65         	4.034923e-02
30.7          	4.032596e-02
30.75         	4.031197e-02
30.8          	4.030358e-02
30.85         	4.029639e-02
30.9          	4.028746e-02
30.95         	4.027510e-02
31            	4.026091e-02
31.05         	4.024889e-02
31.1          	4.024532e-02
31.15         	4.025506e-02
31.2          	4.027646e-02
31.25         	4.030430e-02
31.3          	4.033476e-02
31.35         	4.036666e-02
31.4          	4.039972e-02
31.45         	4.043501e-02
31.5          	4.047349e-02
31.55         	4.051545e-02
31.6          	4.055967e-02
31.65         	4.060387e-02
31.7          	4.064625e-02
31.75         	4.068534e-02
31.8          	4.071955e-02
31.85         	4.074699e-02
31.9          	4.076701e-02
31.95         	4.077940e-02
32            	4.078333e-02
32.05         	4.077829e-02
32.1          	4.076606e-02
32.15         	4.074849e-02
32.2          	4.072802e-02
32.25         	4.070669e-02
32.3          	4.068551e-02
32.35         	4.066424e-02
32.4          	4.064218e-02
32.45         	4.061878e-02
32.5          	4.059389e-02
32.55         	4.056818e-02
32.6          	4.054295e-02
32.65         	4.051956e-02
32.7          	4.049969e-02
32.75         	4.048483e-02
32.8          	4.047616e-02
32.85         	4.047357e-02
32.9          	4.047648e-02
32.95         	4.048302e-02
33            	4.049137e-02
33.05         	4.049995e-02
33.1          	4.050727e-02
33.15         	4.051264e-02
33.2          	4.051587e-02
33.25         	4.051699e-02
33.3          	4.051641e-02
33.35         	4.051382e-02
33.4          	4.050821e-02
33.45         	4.049936e-02
33.5          	4.049043e-02
33.55         	4.049170e-02
33.6          	4.050636e-02
33.65         	4.053525e-02
33.7          	4.057271e-02
33.75         	4.061150e-02
33.8          	4.064654e-02
33.85         	4.067455e-02
33.9          	4.069348e-02
33.95         	4.070129e-02
34            	4.069675e-02
34.05         	4.068042e-02
34.1          	4.065625e-02
34.15         	4.063215e-02
34.2          	4.061704e-02
34.25         	4.061397e-02
34.3          	4.061959e-02
34.35         	4.062730e-02
34.4          	4.062994e-02
34.45         	4.062182e-02
34.5          	4.059913e-02
34.55         	4.055963e-02
34.6          	4.050321e-02
34.65         	4.043347e-02
34.7          	4.035806e-02
34.75         	4.028733e-02
34.8          	4.023253e-02
34.85         	4.019646e-02
34.9          	4.017679e-02
34.95         	4.017511e-02
35            	4.018990e-02
35.05         	4.021517e-02
35.1          	4.024383e-02
35.15         	4.027220e-02
35.2          	4.029850e-02
35.25         	4.032397e-02
35.3          	4.035142e-02
35.35         	4.038469e-02
35.4          	4.042675e-02
35.45         	4.047688e-02
35.5          	4.053357e-02
35.55         	4.059470e-02
35.6          	4.065821e-02
35.65         	4.072213e-02
35.7          	4.078435e-02
35.75         	4.084197e-02
35.8          	4.088935e-02
35.85         	4.091880e-02
35.9          	4.092459e-02
35.95         	4.090525e-02
36            	4.086653e-02
36.05         	4.081748e-02
36.1          	4.076210e-02
36.15         	4.069932e-02
36.2          	4.062910e-02
36.25         	4.055849e-02
36.3          	4.050289e-02
36.35         	4.047296e-02
36.4          	4.046440e-02
36.45         	4.047062e-02
36.5          	4.048743e-02
36.55         	4.051052e-02
36.6          	4.053488e-02
36.65         	4.055800e-02
36.7          	4.058112e-02
36.75         	4.060368e-02
36.8          	4.062366e-02
36.85         	4.063901e-02
36.9          	4.064701e-02
36.95         	4.064418e-02
37            	4.062922e-02
37.05         	4.060337e-02
37.1          	4.056895e-02
37.15         	4.052871e-02
37.2          	4.048686e-02
37.25         	4.044686e-02
37.3          	4.040971e-02
37.35         	4.037092e-02
37.4          	4.032876e-02
37.45         	4.028529e-02
37.5          	4.024035e-02
37.55         	4.019510e-02
37.6          	4.015438e-02
37.65         	4.012074e-02
37.7          	4.008793e-02
37.75         	4.004954e-02
37.8          	4.000143e-02
37.85         	3.994920e-02
37.9          	3.990679e-02
37.95         	3.988579e-02
38            	3.988537e-02
38.05         	3.989801e-02
38.1          	3.991570e-02
38.15         	3.993362e-02
38.2          	3.994810e-02
38.25         	3.995783e-02
38.3          	3.996368e-02
38.35         	3.996562e-02
38.4          	3.996326e-02
38.45         	3.995665e-02
38.5          	3.994648e-02
38.55         	3.993330e-02
38.6          	3.991730e-02
38.65         	3.990124e-02
38.7          	3.989603e-02
38.75         	3.991116e-02
38.8          	3.994416e-02
38.85         	3.999140e-02
38.9          	4.004918e-02
38.95         	4.011220e-02
39            	4.017604e-02
39.05         	4.023729e-02
39.1          	4.029395e-02
39.15         	4.034513e-02
39.2          	4.039021e-02
39.25         	4.042873e-02
39.3          	4.046184e-02
39.35         	4.049167e-02
39.4          	4.051887e-02
39.45         	4.054127e-02
39.5          	4.055727e-02
39.55         	4.056515e-02
39.6          	4.056452e-02
39.65         	4.055912e-02
39.7          	4.054728e-02
39.75         	4.053420e-02
39.8          	4.051860e-02
39.85         	4.049691e-02
39.9          	4.046461e-02
39.95         	4.041933e-02
40            	4.036377e-02
40.05         	4.030635e-02
40.1          	4.026166e-02
40.15         	4.023502e-02
40.2          	4.022750e-02
40.25         	4.023834e-02
40.3          	4.026117e-02
40.35         	4.029109e-02
40.4          	4.032621e-02
40.45         	4.036481e-02
40.5          	4.040547e-02
40.55         	4.044646e-02
40.6          	4.048681e-02
40.65         	4.052747e-02
40.7          	4.057014e-02
40.75         	4.061614e-02
40.8          	4.066654e-02
40.85         	4.072166e-02
40.9          	4.078036e-02
40.95         	4.084078e-02
41            	4.090003e-02
41.05         	4.095298e-02
41.1          	4.099055e-02
41.15         	4.100191e-02
41.2          	4.098058e-02
41.25         	4.093014e-02
41.3          	4.086699e-02
41.35         	4.080341e-02
41.4          	4.074387e-02
41.45         	4.069141e-02
41.5          	4.065580e-02
41.55         	4.064614e-02
41.6          	4.065694e-02
41.65         	4.067765e-02
41.7          	4.070136e-02
41.75         	4.072434e-02
41.8          	4.074569e-02
41.85         	4.076555e-02
41.9          	4.078368e-02
41.95         	4.079866e-02
42            	4.080800e-02
42.05         	4.080936e-02
42.1          	4.080115e-02
42.15         	4.078445e-02
42.2          	4.076168e-02
42.25         	4.073379e-02
42.3          	4.070057e-02
42.35         	4.066449e-02
42.4          	4.062834e-02
42.45         	4.059083e-02
42.5          	4.055140e-02
42.55         	4.050968e-02
42.6          	4.046436e-02
42.65         	4.041450e-02
42.7          	4.036042e-02
42.75         	4.030592e-02
42.8          	4.025338e-02
42.85         	4.020059e-02
42.9          	4.014663e-02
42.95         	4.010075e-02
43            	4.007421e-02
43.05         	4.006637e-02
43.1          	4.007141e-02
43.15         	4.008377e-02
43.2          	4.009947e-02
43.25         	4.011545e-02
43.3          	4.012949e-02
43.35         	4.014039e-02
43.4          	4.014834e-02
43.45         	4.015400e-02
43.5          	4.015575e-02
43.55         	4.015233e-02
43.6          	4.014273e-02
43.65         	4.012580e-02
43.7          	4.010439e-02
43.75         	4.008852e-02
43.8          	4.008511e-02
43.85         	4.009292e-02
43.9          	4.010987e-02
43.95         	4.013506e-02
44            	4.016707e-02
44.05         	4.020388e-02
44.1          	4.024310e-02
44.15         	4.028276e-02
44.2          	4.032112e-02
44.25         	4.035720e-02
44.3          	4.039043e-02
44.35         	4.042012e-02
44.4          	4.044563e-02
44.45         	4.046635e-02
44.5          	4.048207e-02
44.55         	4.049299e-02
44.6          	4.049951e-02
44.65         	4.050012e-02
44.7          	4.049244e-02
44.75         	4.047657e-02
44.8          	4.045826e-02
44.85         	4.043831e-02
44.9          	4.041479e-02
44.95         	4.038755e-02
45            	4.035832e-02
45.05         	4.032992e-02
45.1          	4.030488e-02
45.15         	4.028533e-02
45.2          	4.027455e-02
45.25         	4.027771e-02
45.3          	4.029357e-02
45.35         	4.031829e-02
45.4          	4.034976e-02
45.45         	4.038639e-02
45.5          	4.042549e-02
45.55         	4.046485e-02
45.6          	4.050370e-02
45.65         	4.054204e-02
45.7          	4.058049e-02
45.75         	4.061933e-02
45.8          	4.065800e-02
45.85         	4.069615e-02
45.9          	4.073282e-02
45.95         	4.076550e-02
46            	4.079142e-02
46.05         	4.080882e-02
46.1          	4.081638e-02
46.15         	4.081389e-02
46.2          	4.080456e-02
46.25         	4.079691e-02
46.3          	4.080010e-02
46.35         	4.081616e-02
46.4          	4.084134e-02
46.45         	4.087023e-02
46.5          	4.089721e-02
46.55         	4.091647e-02
46.6          	4.092260e-02
46.65         	4.091195e-02
46.7          	4.088240e-02
46.75         	4.083393e-02
46.8          	4.077028e-02
46.85         	4.069339e-02
46.9          	4.060581e-02
46.95         	4.051619e-02
47            	4.043384e-02
47.05         	4.036033e-02
47.1          	4.029715e-02
47.15         	4.024658e-02
47.2          	4.020827e-02
47.25         	4.017832e-02
47.3          	4.015719e-02
47.35         	4.014504e-02
47.4          	4.013897e-02
47.45         	4.013362e-02
47.5          	4.012419e-02
47.55         	4.010788e-02
47.6          	4.008780e-02
47.65         	4.006954e-02
47.7          	4.005780e-02
47.75         	4.005285e-02
47.8          	4.005154e-02
47.85         	4.005217e-02
47.9          	4.005342e-02
47.95         	4.005176e-02
48            	4.004072e-02
48.05         	4.001245e-02
48.1          	3.996131e-02
48.15         	3.988840e-02
48.2          	3.980304e-02
48.25         	3.971877e-02
48.3          	3.964602e-02
48.35         	3.959076e-02
48.4          	3.955332e-02
48.45         	3.953107e-02
48.5          	3.952392e-02
48.55         	3.953462e-02
48.6          	3.956550e-02
48.65         	3.961459e-02
48.7          	3.967609e-02
48.75         	3.974631e-02
48.8          	3.982243e-02
48.85         	3.989950e-02
48.9          	3.997319e-02
48.95         	4.004199e-02
49            	4.010605e-02
49.05         	4.016595e-02
49.1          	4.022267e-02
49.15         	4.027597e-02
49.2          	4.032424e-02
49.25         	4.036626e-02
49.3          	4.039959e-02
49.35         	4.041957e-02
49.4          	4.042397e-02
49.45         	4.041216e-02
49.5          	4.038401e-02
49.55         	4.034251e-02
49.6          	4.029225e-02
49.65         	4.023646e-02
49.7          	4.018804e-02
49.75         	4.015838e-02
49.8          	4.014971e-02
49.85         	4.015665e-02
49.9          	4.017092e-02
49.95         	4.018882e-02
50            	4.020988e-02
50.05         	4.023154e-02
50.1          	4.025198e-02
50.15         	4.027019e-02
50.2          	4.028436e-02
50.25         	4.029330e-02
50.3          	4.029612e-02
50.35         	4.029117e-02
50.4          	4.027585e-02
50.45         	4.024725e-02
50.5          	4.020264e-02
50.55         	4.014307e-02
50.6          	4.007598e-02
50.65         	4.001281e-02
50.7          	3.996348e-02
50.75         	3.993610e-02
50.8          	3.992920e-02
50.85         	3.993480e-02
50.9          	3.994726e-02
50.95         	3.996592e-02
51            	3.998746e-02
51.05         	4.001128e-02
51.1          	4.003766e-02
51.15         	4.006631e-02
51.2          	4.009510e-02
51.25         	4.012281e-02
51.3          	4.014984e-02
51.35         	4.017715e-02
51.4          	4.020691e-02
51.45         	4.024219e-02
51.5          	4.028381e-02
51.55         	4.033165e-02
51.6          	4.038075e-02
51.65         	4.043126e-02
51.7          	4.047742e-02
51.75         	4.051699e-02
51.8          	4.055097e-02
51.85         	4.057888e-02
51.9          	4.060018e-02
51.95         	4.061466e-02
52            	4.062179e-02
52.05         	4.062169e-02
52.1          	4.061433e-02
52.15         	4.059980e-02
52.2          	4.057543e-02
52.25         	4.053983e-02
52.3          	4.049471e-02
52.35         	4.044531e-02
52.4          	4.039767e-02
52.45         	4.035315e-02
52.5          	4.031279e-02
52.55         	4.027791e-02
52.6          	4.024876e-02
52.65         	4.022559e-02
52.7          	4.020842e-02
52.75         	4.019767e-02
52.8          	4.019404e-02
52.85         	4.019773e-02
52.9          	4.020861e-02
52.95         	4.022697e-02
53            	4.025319e-02
53.05         	4.028734e-02
53.1          	4.032869e-02
53.15         	4.037642e-02
53.2          	4.042918e-02
53.25         	4.048463e-02
53.3          	4.054025e-02
53.35         	4.059349e-02
53.4          	4.064094e-02
53.45         	4.067916e-02
53.5          	4.070559e-02
53.55         	4.071864e-02
53.6          	4.071734e-02
53.65         	4.070113e-02
53.7          	4.067027e-02
53.75         	4.062780e-02
53.8          	4.058252e-02
53.85         	4.054835e-02
53.9          	4.053466e-02
53.95         	4.053953e-02
54            	4.055490e-02
54.05         	4.057579e-02
54.1          	4.060156e-02
54.15         	4.062837e-02
54.2          	4.065200e-02
54.25         	4.066798e-02
54.3          	4.067347e-02
54.35         	4.066675e-02
54.4          	4.064688e-02
54.45         	4.061440e-02
54.5          	4.057113e-02
54.55         	4.051899e-02
54.6          	4.046000e-02
54.65         	4.039744e-02
54.7          	4.033775e-02
54.75         	4.028741e-02
54.8          	4.024868e-02
54.85         	4.022061e-02
54.9          	4.020010e-02
54.95         	4.018486e-02
55            	4.017240e-02
55.05         	4.016136e-02
55.1          	4.015392e-02
55.15         	4.015174e-02
55.2          	4.015774e-02
55.25         	4.017002e-02
55.3          	4.018757e-02
55.35         	4.020962e-02
55.4          	4.023608e-02
55.45         	4.026690e-02
55.5          	4.030134e-02
55.55         	4.033916e-02
55.6          	4.037932e-02
55.65         	4.042054e-02
55.7          	4.046075e-02
55.75         	4.049748e-02
55.8          	4.052730e-02
55.85         	4.054532e-02
55.9          	4.054585e-02
55.95         	4.052548e-02
56            	4.048646e-02
56.05         	4.044004e-02
56.1          	4.040117e-02
56.15         	4.037440e-02
56.2          	4.035771e-02
56.25         	4.035126e-02
56.3          	4.035751e-02
56.35         	4.037474e-02
56.4          	4.039893e-02
56.45         	4.042762e-02
56.5          	4.045939e-02
56.55         	4.049321e-02
56.6          	4.052886e-02
56.65         	4.056668e-02
56.7          	4.060588e-02
56.75         	4.064442e-02
56.8          	4.068014e-02
56.85         	4.071145e-02
56.9          	4.073450e-02
56.95         	4.074571e-02
57            	4.073985e-02
57.05         	4.071258e-02
57.1          	4.066439e-02
57.15         	4.060061e-02
57.2          	4.052967e-02
57.25         	4.046232e-02
57.3          	4.041375e-02
57.35         	4.039465e-02
57.4          	4.040259e-02
57.45         	4.042795e-02
57.5          	4.046190e-02
57.55         	4.049753e-02
57.6          	4.053048e-02
57.65         	4.055829e-02
57.7          	4.057681e-02
57.75         	4.058663e-02
57.8          	4.059240e-02
57.85         	4.059792e-02
57.9          	4.060441e-02
57.95         	4.061028e-02
58            	4.061421e-02
58.05         	4.061541e-02
58.1          	4.061333e-02
58.15         	4.060763e-02
58.2          	4.059814e-02
58.25         	4.058416e-02
58.3          	4.056436e-02
58.35         	4.053434e-02
58.4          	4.048899e-02
58.45         	4.042739e-02
58.5          	4.035384e-02
58.55         	4.028425e-02
58.6          	4.023616e-02
58.65         	4.020930e-02
58.7          	4.019939e-02
58.75         	4.020561e-02
58.8          	4.022483e-02
58.85         	4.025360e-02
58.9          	4.028855e-02
58.95         	4.032777e-02
59            	4.037097e-02
59.05         	4.041673e-02
59.1          	4.046206e-02
59.15         	4.050477e-02
59.2          	4.054467e-02
59.25         	4.058326e-02
59.3          	4.062043e-02
59.35         	4.065416e-02
59.4          	4.068476e-02
59.45         	4.070636e-02
59.5          	4.071805e-02
59.55         	4.072240e-02
59.6          	4.071595e-02
59.65         	4.069672e-02
59.7          	4.066586e-02
59.75         	4.062435e-02
59.8          	4.057460e-02
59.85         	4.052907e-02
59.9          	4.049423e-02
59.95         	4.047425e-02
60            	4.046519e-02
60.05         	4.046946e-02
60.1          	4.048290e-02
60.15         	4.049939e-02
60.2          	4.051462e-02
60.25         	4.052926e-02
60.3          	4.054486e-02
60.35         	4.056158e-02
60.4          	4.057984e-02
60.45         	4.059928e-02
60.5          	4.061860e-02
60.55         	4.063684e-02
60.6          	4.065314e-02
60.65         	4.066642e-02
60.7          	4.067555e-02
60.75         	4.067928e-02
60.8          	4.067684e-02
60.85         	4.066800e-02
60.9          	4.065266e-02
60.95         	4.063053e-02
61            	4.060090e-02
61.05         	4.056319e-02
61.1          	4.051793e-02
61.15         	4.046611e-02
61.2          	4.040844e-02
61.25         	4.034467e-02
61.3          	4.027642e-02
61.35         	4.020992e-02
61.4          	4.015925e-02
61.45         	4.013921e-02
61.5          	4.014878e-02
61.55         	4.017661e-02
61.6          	4.021437e-02
61.65         	4.025626e-02
61.7          	4.029830e-02
61.75         	4.033789e-02
61.8          	4.037205e-02
61.85         	4.039722e-02
61.9          	4.040990e-02
61.95         	4.040948e-02
62            	4.040063e-02
62.05         	4.039343e-02
62.1          	4.039953e-02
62.15         	4.042381e-02
62.2          	4.046025e-02
62.25         	4.050523e-02
62.3          	4.055640e-02
62.35         	4.060979e-02
62.4          	4.066167e-02
62.45         	4.071002e-02
62.5          	4.075314e-02
62.55         	4.079105e-02
62.6          	4.082499e-02
62.65         	4.085418e-02
62.7          	4.087789e-02
62.75         	4.089573e-02
62.8          	4.090803e-02
62.85         	4.091584e-02
62.9          	4.092096e-02
62.95         	4.092594e-02
63            	4.093313e-02
63.05         	4.094465e-02
63.1          	4.096165e-02
63.15         	4.098434e-02
63.2          	4.101138e-02
63.25         	4.103949e-02
63.3          	4.106427e-02
63.35         	4.108125e-02
63.4          	4.108620e-02
63.45         	4.107603e-02
63.5          	4.105091e-02
63.55         	4.101638e-02
63.6          	4.098227e-02
63.65         	4.095692e-02
63.7          	4.094550e-02
63.75         	4.095123e-02
63.8          	4.096993e-02
63.85         	4.099327e-02
63.9          	4.101539e-02
63.95         	4.103292e-02
64            	4.104329e-02
64.05         	4.104426e-02
64.1          	4.103420e-02
64.15         	4.101286e-02
64.2          	4.098068e-02
64.25         	4.093838e-02
64.3          	4.088628e-02
64.35         	4.082824e-02
64.4          	4.076392e-02
64.45         	4.068915e-02
64.5          	4.060743e-02
64.55         	4.051804e-02
64.6          	4.041994e-02
64.65         	4.031647e-02
64.7          	4.021436e-02
64.75         	4.011895e-02
64.8          	4.003333e-02
64.85         	3.995894e-02
64.9          	3.989833e-02
64.95         	3.986453e-02
65            	3.985734e-02
65.05         	3.986878e-02
65.1          	3.989319e-02
65.15         	3.992761e-02
65.2          	3.996881e-02
65.25         	4.001339e-02
65.3          	4.005924e-02
65.35         	4.010493e-02
65.4          	4.014850e-02
65.45         	4.018789e-02
65.5          	4.022228e-02
65.55         	4.025250e-02
65.6          	4.027865e-02
65.65         	4.029840e-02
65.7          	4.030858e-02
65.75         	4.030656e-02
65.8          	4.029033e-02
65.85         	4.025911e-02
65.9          	4.021804e-02
65.95         	4.018182e-02
66            	4.016926e-02
66.05         	4.018237e-02
66.1          	4.021170e-02
66.15         	4.024947e-02
66.2          	4.029083e-02
66.25         	4.033318e-02
66.3          	4.037526e-02
66.35         	4.041677e-02
66.4          	4.045742e-02
66.45         	4.049632e-02
66.5          	4.053230e-02
66.55         	4.056465e-02
66.6          	4.059285e-02
66.65         	4.061618e-02
66.7          	4.063372e-02
66.75         	4.064467e-02
66.8          	4.064817e-02
66.85         	4.064390e-02
66.9          	4.063193e-02
66.95         	4.061470e-02
67            	4.059705e-02
67.05         	4.057957e-02
67.1          	4.056645e-02
67.15         	4.056278e-02
67.2          	4.056710e-02
67.25         	4.057319e-02
67.3          	4.057770e-02
67.35         	4.057966e-02
67.4          	4.057828e-02
67.45         	4.057632e-02
67.5          	4.057754e-02
67.55         	4.058306e-02
67.6          	4.059432e-02
67.65         	4.061237e-02
67.7          	4.063627e-02
67.75         	4.066539e-02
67.8          	4.069898e-02
67.85         	4.073667e-02
67.9          	4.077753e-02
67.95         	4.082034e-02
68            	4.086369e-02
68.05         	4.090557e-02
68.1          	4.094397e-02
68.15         	4.097678e-02
68.2          	4.100225e-02
68.25         	4.102005e-02
68.3          	4.103123e-02
68.35         	4.103812e-02
68.4          	4.104328e-02
68.45         	4.104812e-02
68.5          	4.105281e-02
68.55         	4.105601e-02
68.6          	4.105586e-02
68.65         	4.105183e-02
68.7          	4.104369e-02
68.75         	4.103135e-02
68.8          	4.101378e-02
68.85         	4.098982e-02
68.9          	4.095918e-02
68.95         	4.092427e-02
69            	4.088376e-02
69.05         	4.083453e-02
69.1          	4.078087e-02
69.15         	4.072012e-02
69.2          	4.065094e-02
69.25         	4.057851e-02
69.3          	4.050662e-02
69.35         	4.043828e-02
69.4          	4.037663e-02
69.45         	4.032350e-02
69.5          	4.028011e-02
69.55         	4.024317e-02
69.6          	4.020899e-02
69.65         	4.017535e-02
69.7          	4.014014e-02
69.75         	4.010417e-02
69.8          	4.007193e-02
69.85         	4.004898e-02
69.9          	4.003894e-02
69.95         	4.004341e-02
70            	4.006022e-02
70.05         	4.008563e-02
70.1          	4.011644e-02
70.15         	4.015037e-02
70.2          	4.018459e-02
70.25         	4.021459e-02
70.3          	4.023382e-02
70.35         	4.023566e-02
70.4          	4.021669e-02
70.45         	4.017817e-02
70.5          	4.012691e-02
70.55         	4.007105e-02
70.6          	4.001511e-02
70.65         	3.996170e-02
70.7          	3.991152e-02
70.75         	3.986251e-02
70.8          	3.982098e-02
70.85         	3.979757e-02
70.9          	3.979651e-02
70.95         	3.981509e-02
71            	3.984774e-02
71.05         	3.989004e-02
71.1          	3.993945e-02
71.15         	3.999156e-02
71.2          	4.004196e-02
71.25         	4.008677e-02
71.3          	4.012505e-02
71.35         	4.015783e-02
71.4          	4.018548e-02
71.45         	4.020767e-02
71.5          	4.022600e-02
71.55         	4.023946e-02
71.6          	4.024537e-02
71.65         	4.024137e-02
71.7          	4.022630e-02
71.75         	4.020219e-02
71.8          	4.017385e-02
71.85         	4.014474e-02
71.9          	4.011787e-02
71.95         	4.009408e-02
72            	4.007227e-02
72.05         	4.005940e-02
72.1          	4.005784e-02
72.15         	4.006364e-02
72.2          	4.006880e-02
72.25         	4.006824e-02
72.3          	4.006020e-02
72.35         	4.004510e-02
72.4          	4.002559e-02
72.45         	4.000541e-02
72.5          	3.998986e-02
72.55         	3.998235e-02
72.6          	3.997999e-02
72.65         	3.997705e-02
72.7          	3.996854e-02
72.75         	3.995107e-02
72.8          	3.992419e-02
72.85         	3.988968e-02
72.9          	3.984793e-02
72.95         	3.980351e-02
73            	3.977109e-02
73.05         	3.975740e-02
73.1          	3.975517e-02
73.15         	3.975749e-02
73.2          	3.976255e-02
73.25         	3.977133e-02
73.3          	3.978399e-02
73.35         	3.979947e-02
73.4          	3.981785e-02
73.45         	3.984005e-02
73.5          	3.986739e-02
73.55         	3.990099e-02
73.6          	3.994062e-02
73.65         	3.998542e-02
73.7          	4.003418e-02
73.75         	4.008538e-02
73.8          	4.013836e-02
73.85         	4.019122e-02
73.9          	4.024106e-02
73.95         	4.028710e-02
74            	4.032767e-02
74.05         	4.036004e-02
74.1          	4.038749e-02
74.15         	4.041157e-02
74.2          	4.043161e-02
74.25         	4.044740e-02
74.3          	4.045735e-02
74.35         	4.046016e-02
74.4          	4.045432e-02
74.45         	4.043901e-02
74.5          	4.041429e-02
74.55         	4.038089e-02
74.6          	4.034116e-02
74.65         	4.029650e-02
74.7          	4.024797e-02
74.75         	4.020151e-02
74.8          	4.016891e-02
74.85         	4.016285e-02
74.9          	4.017830e-02
74.95         	4.020672e-02
75            	4.024249e-02
75.05         	4.028162e-02
75.1          	4.032074e-02
75.15         	4.035712e-02
75.2          	4.038901e-02
75.25         	4.041567e-02
75.3          	4.043682e-02
75.35         	4.045212e-02
75.4          	4.046122e-02
75.45         	4.046418e-02
75.5          	4.046117e-02
75.55         	4.045169e-02
75.6          	4.043440e-02
75.65         	4.040888e-02
75.7          	4.037570e-02
75.75         	4.033589e-02
75.8          	4.029144e-02
75.85         	4.024452e-02
75.9          	4.019799e-02
75.95         	4.016075e-02
76            	4.014554e-02
76.05         	4.015417e-02
76.1          	4.018553e-02
76.15         	4.023289e-02
76.2          	4.028802e-02
76.25         	4.034491e-02
76.3          	4.040004e-02
76.35         	4.045226e-02
76.4          	4.050161e-02
76.45         	4.054802e-02
76.5          	4.059110e-02
76.55         	4.062971e-02
76.6          	4.066211e-02
76.65         	4.068670e-02
76.7          	4.070107e-02
76.75         	4.070307e-02
76.8          	4.069027e-02
76.85         	4.066020e-02
76.9          	4.061534e-02
76.95         	4.055643e-02
77            	4.048633e-02
77.05         	4.041116e-02
77.1          	4.033687e-02
77.15         	4.026529e-02
77.2          	4.020015e-02
77.25         	4.014388e-02
77.3          	4.009528e-02
77.35         	4.005381e-02
77.4          	4.002117e-02
77.45         	3.999659e-02
77.5          	3.998157e-02
77.55         	3.997529e-02
77.6          	3.997454e-02
77.65         	3.997782e-02
77.7          	3.998420e-02
77.75         	3.999223e-02
77.8          	4.000038e-02
77.85         	4.000836e-02
77.9          	4.001754e-02
77.95         	4.003005e-02
78            	4.004868e-02
78.05         	4.007525e-02
78.1          	4.010982e-02
78.15         	4.015163e-02
78.2          	4.019939e-02
78.25         	4.025138e-02
78.3          	4.030581e-02
78.35         	4.036075e-02
78.4          	4.041406e-02
78.45         	4.046330e-02
78.5          	4.050529e-02
78.55         	4.053703e-02
78.6          	4.055666e-02
78.65         	4.056401e-02
78.7          	4.056038e-02
78.75         	4.054887e-02
78.8          	4.053358e-02
78.85         	4.051777e-02
78.9          	4.050226e-02
78.95         	4.048768e-02
79            	4.047476e-02
79.05         	4.046204e-02
79.1          	4.044748e-02
79.15         	4.042899e-02
79.2          	4.040465e-02
79.25         	4.037213e-02
79.3          	4.032951e-02
79.35         	4.027791e-02
79.4          	4.022080e-02
79.45         	4.016059e-02
79.5          	4.010153e-02
79.55         	4.004664e-02
79.6          	3.999684e-02
79.65         	3.995548e-02
79.7          	3.992443e-02
79.75         	3.990201e-02
79.8          	3.988635e-02
79.85         	3.987694e-02
79.9          	3.987188e-02
79.95         	3.987151e-02
80            	3.987924e-02
80.05         	3.989507e-02
80.1          	3.991892e-02
80.15         	3.995039e-02
80.2          	3.998949e-02
80.25         	4.003764e-02
80.3          	4.009536e-02
80.35         	4.016059e-02
80.4          	4.023107e-02
80.45         	4.030392e-02
80.5          	4.037424e-02
80.55         	4.043875e-02
80.6          	4.049468e-02
80.65         	4.054094e-02
80.7          	4.057754e-02
80.75         	4.060234e-02
80.8          	4.061062e-02
80.85         	4.059877e-02
80.9          	4.056959e-02
80.95         	4.053047e-02
81            	4.048531e-02
81.05         	4.043743e-02
81.1          	4.039518e-02
81.15         	4.037211e-02
81.2          	4.037346e-02
81.25         	4.039502e-02
81.3          	4.043038e-02
81.35         	4.047435e-02
81.4          	4.052303e-02
81.45         	4.057309e-02
81.5          	4.062207e-02
81.55         	4.066855e-02
81.6          	4.071173e-02
81.65         	4.075180e-02
81.7          	4.079044e-02
81.75         	4.082868e-02
81.8          	4.086325e-02
81.85         	4.089583e-02
81.9          	4.092560e-02
81.95         	4.094880e-02
82            	4.096397e-02
82.05         	4.097190e-02
82.1          	4.097414e-02
82.15         	4.097119e-02
82.2          	4.096362e-02
82.25         	4.095228e-02
82.3          	4.093768e-02
82.35         	4.091972e-02
82.4          	4.089870e-02
82.45         	4.087582e-02
82.5          	4.085268e-02
82.55         	4.083094e-02
82.6          	4.081381e-02
82.65         	4.080238e-02
82.7          	4.079514e-02
82.75         	4.079083e-02
82.8          	4.078972e-02
82.85         	4.079307e-02
82.9          	4.080196e-02
82.95         	4.081716e-02
83            	4.083868e-02
83.05         	4.086560e-02
83.1          	4.089606e-02
83.15         	4.092762e-02
83.2          	4.095784e-02
83.25         	4.098411e-02
83.3          	4.100395e-02
83.35         	4.101461e-02
83.4          	4.101362e-02
83.45         	4.099901e-02
83.5          	4.096967e-02
83.55         	4.092624e-02
83.6          	4.087380e-02
83.65         	4.082457e-02
83.7          	4.078660e-02
83.75         	4.075893e-02
83.8          	4.073860e-02
83.85         	4.072338e-02
83.9          	4.071126e-02
83.95         	4.070104e-02
84            	4.069209e-02
84.05         	4.068334e-02
84.1          	4.067350e-02
84.15         	4.066204e-02
84.2          	4.064875e-02
84.25         	4.063356e-02
84.3          	4.061551e-02
84.35         	4.059379e-02
84.4          	4.056950e-02
84.45         	4.054309e-02
84.5          	4.051565e-02
84.55         	4.048799e-02
84.6          	4.046531e-02
84.65         	4.044712e-02
84.7          	4.042874e-02
84.75         	4.040663e-02
84.8          	4.037939e-02
84.85         	4.034667e-02
84.9          	4.031238e-02
84.95         	4.028087e-02
85            	4.025471e-02
85.05         	4.023511e-02
85.1          	4.022222e-02
85.15         	4.021516e-02
85.2          	4.021322e-02
85.25         	4.021480e-02
85.3          	4.021696e-02
85.35         	4.021742e-02
85.4          	4.021486e-02
85.45         	4.020805e-02
85.5          	4.019688e-02
85.55         	4.018156e-02
85.6          	4.016271e-02
85.65         	4.014083e-02
85.7          	4.011681e-02
85.75         	4.009088e-02
85.8          	4.006272e-02
85.85         	4.003065e-02
85.9          	3.999379e-02
85.95         	3.995411e-02
86            	3.991475e-02
86.05         	3.987774e-02
86.1          	3.984363e-02
86.15         	3.981064e-02
86.2          	3.977688e-02
86.25         	3.974208e-02
86.3          	3.970892e-02
86.35         	3.968255e-02
86.4          	3.966682e-02
86.45         	3.966174e-02
86.5          	3.966600e-02
86.55         	3.967751e-02
86.6          	3.969433e-02
86.65         	3.971586e-02
86.7          	3.974229e-02
86.75         	3.977363e-02
86.8          	3.981063e-02
86.85         	3.985202e-02
86.9          	3.989665e-02
86.95         	3.994438e-02
87            	3.999535e-02
87.05         	4.004760e-02
87.1          	4.009684e-02
87.15         	4.014075e-02
87.2          	4.017766e-02
87.25         	4.020768e-02
87.3          	4.022964e-02
87.35         	4.024216e-02
87.4          	4.024473e-02
87.45         	4.023706e-02
87.5          	4.022166e-02
87.55         	4.020177e-02
87.6          	4.017597e-02
87.65         	4.014493e-02
87.7          	4.011306e-02
87.75         	4.008142e-02
87.8          	4.004811e-02
87.85         	4.001753e-02
87.9          	3.999589e-02
87.95         	3.998525e-02
88            	3.998551e-02
88.05         	3.999680e-02
88.1          	4.001940e-02
88.15         	4.005135e-02
88.2          	4.008936e-02
88.25         	4.013011e-02
88.3          	4.017052e-02
88.35         	4.020812e-02
88.4          	4.024101e-02
88.45         	4.026797e-02
88.5          	4.028913e-02
88.55         	4.030583e-02
88.6          	4.031985e-02
88.65         	4.033237e-02
88.7          	4.034374e-02
88.75         	4.035404e-02
88.8          	4.036300e-02
88.85         	4.036989e-02
88.9          	4.037374e-02
88.95         	4.037361e-02
89            	4.036866e-02
89.05         	4.035753e-02
89.1          	4.033826e-02
89.15         	4.030919e-02
89.2          	4.026943e-02
89.25         	4.021980e-02
89.3          	4.016419e-02
89.35         	4.011154e-02
89.4          	4.007512e-02
89.45         	4.006338e-02
89.5          	4.007424e-02
89.55         	4.009960e-02
89.6          	4.013228e-02
89.65         	4.016693e-02
89.7          	4.019922e-02
89.75         	4.022581e-02
89.8          	4.024350e-02
89.85         	4.024706e-02
89.9          	4.023513e-02
89.95         	4.020388e-02
90            	4.015482e-02
