# Region      : all 
# Cells       : 16000
# Volume      : 2.000000e-03
# Time        	volAverage(alpha.air)
0             	0.000000e+00
0.05          	3.521265e-04
0.1           	6.521265e-04
0.15          	9.521265e-04
0.2           	1.252139e-03
0.25          	1.552146e-03
0.3           	1.852146e-03
0.35          	2.152146e-03
0.4           	2.452146e-03
0.45          	2.752146e-03
0.5           	3.052146e-03
0.55          	3.352146e-03
0.6           	3.652146e-03
0.65          	3.952146e-03
0.7           	4.252146e-03
0.75          	4.552146e-03
0.8           	4.852146e-03
0.85          	5.152146e-03
0.9           	5.452146e-03
0.95          	5.752146e-03
1             	6.052146e-03
1.05          	6.352146e-03
1.1           	6.652148e-03
1.15          	6.952148e-03
1.2           	7.252148e-03
1.25          	7.552148e-03
1.3           	7.852154e-03
1.35          	8.152154e-03
1.4           	8.452154e-03
1.45          	8.752154e-03
1.5           	9.052154e-03
1.55          	9.352159e-03
1.6           	9.652159e-03
1.65          	9.952159e-03
1.7           	1.025216e-02
1.75          	1.055216e-02
1.8           	1.085216e-02
1.85          	1.115216e-02
1.9           	1.145217e-02
1.95          	1.175217e-02
2             	1.205217e-02
2.05          	1.235217e-02
2.1           	1.265217e-02
2.15          	1.295217e-02
2.2           	1.325218e-02
2.25          	1.355218e-02
2.3           	1.385218e-02
2.35          	1.415218e-02
2.4           	1.445218e-02
2.45          	1.475218e-02
2.5           	1.505218e-02
2.55          	1.535218e-02
2.6           	1.565218e-02
2.65          	1.595218e-02
2.7           	1.625218e-02
2.75          	1.655218e-02
2.8           	1.685218e-02
2.85          	1.715218e-02
2.9           	1.745218e-02
2.95          	1.775218e-02
3             	1.805218e-02
3.05          	1.835218e-02
3.1           	1.865218e-02
3.15          	1.895218e-02
3.2           	1.925218e-02
3.25          	1.955218e-02
3.3           	1.985218e-02
3.35          	2.015220e-02
3.4           	2.045220e-02
3.45          	2.075220e-02
3.5           	2.105222e-02
3.55          	2.135224e-02
3.6           	2.165224e-02
3.65          	2.195226e-02
3.7           	2.225226e-02
3.75          	2.255228e-02
3.8           	2.285217e-02
3.85          	2.315151e-02
3.9           	2.344912e-02
3.95          	2.374205e-02
4             	2.402348e-02
4.05          	2.427958e-02
4.1           	2.449039e-02
4.15          	2.463918e-02
4.2           	2.471510e-02
4.25          	2.471033e-02
4.3           	2.462267e-02
4.35          	2.445795e-02
4.4           	2.422856e-02
4.45          	2.395015e-02
4.5           	2.363705e-02
4.55          	2.330682e-02
4.6           	2.298052e-02
4.65          	2.267712e-02
4.7           	2.240816e-02
4.75          	2.217561e-02
4.8           	2.197643e-02
4.85          	2.180673e-02
4.9           	2.166327e-02
4.95          	2.154317e-02
5             	2.144348e-02
5.05          	2.136162e-02
5.1           	2.129571e-02
5.15          	2.124419e-02
5.2           	2.120563e-02
5.25          	2.117860e-02
5.3           	2.116186e-02
5.35          	2.115403e-02
5.4           	2.115409e-02
5.45          	2.116109e-02
5.5           	2.117418e-02
5.55          	2.119264e-02
5.6           	2.121586e-02
5.65          	2.124321e-02
5.7           	2.127421e-02
5.75          	2.130834e-02
5.8           	2.134515e-02
5.85          	2.138417e-02
5.9           	2.142500e-02
5.95          	2.146725e-02
6             	2.151060e-02
6.05          	2.155480e-02
6.1           	2.159967e-02
6.15          	2.164506e-02
6.2           	2.169087e-02
6.25          	2.173704e-02
6.3           	2.178350e-02
6.35          	2.183019e-02
6.4           	2.187701e-02
6.45          	2.192380e-02
6.5           	2.197041e-02
6.55          	2.201669e-02
6.6           	2.206247e-02
6.65          	2.210760e-02
6.7           	2.215197e-02
6.75          	2.219538e-02
6.8           	2.223776e-02
6.85          	2.227896e-02
6.9           	2.231889e-02
6.95          	2.235743e-02
7             	2.239447e-02
7.05          	2.242990e-02
7.1           	2.246355e-02
7.15          	2.249533e-02
7.2           	2.252515e-02
7.25          	2.255290e-02
7.3           	2.257846e-02
7.35          	2.260176e-02
7.4           	2.262268e-02
7.45          	2.264122e-02
7.5           	2.265745e-02
7.55          	2.267151e-02
7.6           	2.268354e-02
7.65          	2.269365e-02
7.7           	2.270174e-02
7.75          	2.270771e-02
7.8           	2.271138e-02
7.85          	2.271266e-02
7.9           	2.271163e-02
7.95          	2.270861e-02
8             	2.270403e-02
8.05          	2.269840e-02
8.1           	2.269219e-02
8.15          	2.268593e-02
8.2           	2.268005e-02
8.25          	2.267487e-02
8.3           	2.267065e-02
8.35          	2.266752e-02
8.4           	2.266561e-02
8.45          	2.266491e-02
8.5           	2.266541e-02
8.55          	2.266713e-02
8.6           	2.267009e-02
8.65          	2.267429e-02
8.7           	2.267972e-02
8.75          	2.268626e-02
8.8           	2.269359e-02
8.85          	2.270160e-02
8.9           	2.271014e-02
8.95          	2.271909e-02
9             	2.272829e-02
9.05          	2.273762e-02
9.1           	2.274688e-02
9.15          	2.275603e-02
9.2           	2.276503e-02
9.25          	2.277376e-02
9.3           	2.278221e-02
9.35          	2.279047e-02
9.4           	2.279849e-02
9.45          	2.280621e-02
9.5           	2.281358e-02
9.55          	2.282054e-02
9.6           	2.282705e-02
9.65          	2.283309e-02
9.7           	2.283864e-02
9.75          	2.284373e-02
9.8           	2.284837e-02
9.85          	2.285263e-02
9.9           	2.285664e-02
9.95          	2.286053e-02
10            	2.286448e-02
10.05         	2.286864e-02
10.1          	2.287312e-02
10.15         	2.287792e-02
10.2          	2.288313e-02
10.25         	2.288880e-02
10.3          	2.289488e-02
10.35         	2.290103e-02
10.4          	2.290686e-02
10.45         	2.291215e-02
10.5          	2.291668e-02
10.55         	2.292029e-02
10.6          	2.292287e-02
10.65         	2.292433e-02
10.7          	2.292457e-02
10.75         	2.292348e-02
10.8          	2.292095e-02
10.85         	2.291680e-02
10.9          	2.291089e-02
10.95         	2.290308e-02
11            	2.289329e-02
11.05         	2.288157e-02
11.1          	2.286811e-02
11.15         	2.285322e-02
11.2          	2.283731e-02
11.25         	2.282084e-02
11.3          	2.280417e-02
11.35         	2.278752e-02
11.4          	2.277082e-02
11.45         	2.275393e-02
11.5          	2.273648e-02
11.55         	2.271818e-02
11.6          	2.269890e-02
11.65         	2.267875e-02
11.7          	2.265808e-02
11.75         	2.263733e-02
11.8          	2.261708e-02
11.85         	2.259789e-02
11.9          	2.258027e-02
11.95         	2.256458e-02
12            	2.255107e-02
12.05         	2.253990e-02
12.1          	2.253109e-02
12.15         	2.252454e-02
12.2          	2.252009e-02
12.25         	2.251743e-02
12.3          	2.251613e-02
12.35         	2.251587e-02
12.4          	2.251632e-02
12.45         	2.251719e-02
12.5          	2.251827e-02
12.55         	2.251935e-02
12.6          	2.252016e-02
12.65         	2.252070e-02
12.7          	2.252102e-02
12.75         	2.252126e-02
12.8          	2.252141e-02
12.85         	2.252157e-02
12.9          	2.252478e-02
12.95         	2.252526e-02
13            	2.252596e-02
13.05         	2.252686e-02
13.1          	2.252793e-02
13.15         	2.252909e-02
13.2          	2.253022e-02
13.25         	2.253120e-02
13.3          	2.253191e-02
13.35         	2.253227e-02
13.4          	2.253218e-02
13.45         	2.253159e-02
13.5          	2.253059e-02
13.55         	2.252918e-02
13.6          	2.252726e-02
13.65         	2.252489e-02
13.7          	2.252221e-02
13.75         	2.251917e-02
13.8          	2.251573e-02
13.85         	2.251178e-02
13.9          	2.250723e-02
13.95         	2.250205e-02
14            	2.249622e-02
14.05         	2.248974e-02
14.1          	2.248261e-02
14.15         	2.247478e-02
14.2          	2.246628e-02
14.25         	2.245713e-02
14.3          	2.244736e-02
14.35         	2.243699e-02
14.4          	2.242606e-02
14.45         	2.241462e-02
14.5          	2.240275e-02
14.55         	2.239053e-02
14.6          	2.237803e-02
14.65         	2.236542e-02
14.7          	2.235278e-02
14.75         	2.234027e-02
14.8          	2.232798e-02
14.85         	2.231603e-02
14.9          	2.230452e-02
14.95         	2.229354e-02
15            	2.228317e-02
15.05         	2.227348e-02
15.1          	2.226454e-02
15.15         	2.225637e-02
15.2          	2.224902e-02
15.25         	2.224249e-02
15.3          	2.223679e-02
15.35         	2.223194e-02
15.4          	2.222797e-02
15.45         	2.222493e-02
15.5          	2.222286e-02
15.55         	2.222185e-02
15.6          	2.222195e-02
15.65         	2.222319e-02
15.7          	2.222686e-02
15.75         	2.223027e-02
15.8          	2.223460e-02
15.85         	2.223971e-02
15.9          	2.224539e-02
15.95         	2.225143e-02
16            	2.225758e-02
16.05         	2.226366e-02
16.1          	2.226950e-02
16.15         	2.227510e-02
16.2          	2.228032e-02
16.25         	2.228533e-02
16.3          	2.229036e-02
16.35         	2.229573e-02
16.4          	2.230177e-02
16.45         	2.230887e-02
16.5          	2.231736e-02
16.55         	2.232749e-02
16.6          	2.233958e-02
16.65         	2.235389e-02
16.7          	2.237052e-02
16.75         	2.238935e-02
16.8          	2.241011e-02
16.85         	2.243247e-02
16.9          	2.245596e-02
16.95         	2.248013e-02
17            	2.250466e-02
17.05         	2.252944e-02
17.1          	2.255453e-02
17.15         	2.258021e-02
17.2          	2.260684e-02
17.25         	2.263464e-02
17.3          	2.266368e-02
17.35         	2.269357e-02
17.4          	2.272382e-02
17.45         	2.275400e-02
17.5          	2.278381e-02
17.55         	2.281302e-02
17.6          	2.284148e-02
17.65         	2.286906e-02
17.7          	2.289574e-02
17.75         	2.292138e-02
17.8          	2.294569e-02
17.85         	2.296846e-02
17.9          	2.298952e-02
17.95         	2.300888e-02
18            	2.302651e-02
18.05         	2.304136e-02
18.1          	2.305290e-02
18.15         	2.306149e-02
18.2          	2.306754e-02
18.25         	2.307120e-02
18.3          	2.307252e-02
18.35         	2.307138e-02
18.4          	2.306789e-02
18.45         	2.306224e-02
18.5          	2.305488e-02
18.55         	2.304643e-02
18.6          	2.303629e-02
18.65         	2.302453e-02
18.7          	2.301161e-02
18.75         	2.299794e-02
18.8          	2.298388e-02
18.85         	2.296972e-02
18.9          	2.295560e-02
18.95         	2.294191e-02
19            	2.292794e-02
19.05         	2.291458e-02
19.1          	2.290108e-02
19.15         	2.288794e-02
19.2          	2.287527e-02
19.25         	2.286324e-02
19.3          	2.285182e-02
19.35         	2.284091e-02
19.4          	2.283035e-02
19.45         	2.282000e-02
19.5          	2.280969e-02
19.55         	2.279946e-02
19.6          	2.278936e-02
19.65         	2.277935e-02
19.7          	2.276936e-02
19.75         	2.275943e-02
19.8          	2.274960e-02
19.85         	2.275599e-02
19.9          	2.274645e-02
19.95         	2.273710e-02
20            	2.272802e-02
20.05         	2.271925e-02
20.1          	2.271085e-02
20.15         	2.270285e-02
20.2          	2.269527e-02
20.25         	2.268813e-02
20.3          	2.268141e-02
20.35         	2.267521e-02
20.4          	2.266955e-02
20.45         	2.266447e-02
20.5          	2.265998e-02
20.55         	2.265611e-02
20.6          	2.265289e-02
20.65         	2.265033e-02
20.7          	2.264845e-02
20.75         	2.264726e-02
20.8          	2.264673e-02
20.85         	2.264683e-02
20.9          	2.264751e-02
20.95         	2.264872e-02
21            	2.265035e-02
21.05         	2.265230e-02
21.1          	2.265439e-02
21.15         	2.265644e-02
21.2          	2.265824e-02
21.25         	2.265954e-02
21.3          	2.266017e-02
21.35         	2.265997e-02
21.4          	2.265880e-02
21.45         	2.265669e-02
21.5          	2.265372e-02
21.55         	2.265005e-02
21.6          	2.264588e-02
21.65         	2.264139e-02
21.7          	2.263679e-02
21.75         	2.263224e-02
21.8          	2.262788e-02
21.85         	2.262385e-02
21.9          	2.262023e-02
21.95         	2.261708e-02
22            	2.261441e-02
22.05         	2.261455e-02
22.1          	2.261260e-02
22.15         	2.261087e-02
22.2          	2.260920e-02
22.25         	2.260740e-02
22.3          	2.260524e-02
22.35         	2.260242e-02
22.4          	2.259872e-02
22.45         	2.259399e-02
22.5          	2.258810e-02
22.55         	2.258436e-02
22.6          	2.257592e-02
22.65         	2.256630e-02
22.7          	2.255626e-02
22.75         	2.254479e-02
22.8          	2.253327e-02
22.85         	2.252095e-02
22.9          	2.250833e-02
22.95         	2.249562e-02
23            	2.248289e-02
23.05         	2.247014e-02
23.1          	2.249411e-02
23.15         	2.248135e-02
23.2          	2.246861e-02
23.25         	2.245593e-02
23.3          	2.244331e-02
23.35         	2.243082e-02
23.4          	2.241858e-02
23.45         	2.240670e-02
23.5          	2.239521e-02
23.55         	2.238418e-02
23.6          	2.237366e-02
23.65         	2.236363e-02
23.7          	2.235402e-02
23.75         	2.234466e-02
23.8          	2.233489e-02
23.85         	2.232446e-02
23.9          	2.231323e-02
23.95         	2.230155e-02
24            	2.229032e-02
24.05         	2.228020e-02
24.1          	2.227213e-02
24.15         	2.226616e-02
24.2          	2.226197e-02
24.25         	2.225927e-02
24.3          	2.225822e-02
24.35         	2.225803e-02
24.4          	2.225764e-02
24.45         	2.225739e-02
24.5          	2.225700e-02
24.55         	2.225677e-02
24.6          	2.225739e-02
24.65         	2.225963e-02
24.7          	2.226436e-02
24.75         	2.227250e-02
24.8          	2.228449e-02
24.85         	2.230062e-02
24.9          	2.232092e-02
24.95         	2.234495e-02
25            	2.237201e-02
25.05         	2.240170e-02
25.1          	2.243371e-02
25.15         	2.246774e-02
25.2          	2.250328e-02
25.25         	2.253967e-02
25.3          	2.257660e-02
25.35         	2.261391e-02
25.4          	2.265145e-02
25.45         	2.268919e-02
25.5          	2.272695e-02
25.55         	2.276461e-02
25.6          	2.280206e-02
25.65         	2.283929e-02
25.7          	2.287608e-02
25.75         	2.291260e-02
25.8          	2.294900e-02
25.85         	2.298512e-02
25.9          	2.302082e-02
25.95         	2.305597e-02
26            	2.309048e-02
26.05         	2.312438e-02
26.1          	2.315772e-02
26.15         	2.319045e-02
26.2          	2.322251e-02
26.25         	2.325388e-02
26.3          	2.328445e-02
26.35         	2.331408e-02
26.4          	2.334253e-02
26.45         	2.336969e-02
26.5          	2.339537e-02
26.55         	2.341940e-02
26.6          	2.344166e-02
26.65         	2.346209e-02
26.7          	2.348063e-02
26.75         	2.349729e-02
26.8          	2.351201e-02
26.85         	2.352482e-02
26.9          	2.353571e-02
26.95         	2.354471e-02
27            	2.355207e-02
27.05         	2.355731e-02
27.1          	2.356074e-02
27.15         	2.356239e-02
27.2          	2.356233e-02
27.25         	2.356059e-02
27.3          	2.355719e-02
27.35         	2.355215e-02
27.4          	2.354547e-02
27.45         	2.354438e-02
27.5          	2.353457e-02
27.55         	2.352327e-02
27.6          	2.351058e-02
27.65         	2.349642e-02
27.7          	2.348096e-02
27.75         	2.346403e-02
27.8          	2.344578e-02
27.85         	2.342618e-02
27.9          	2.340530e-02
27.95         	2.338336e-02
28            	2.336034e-02
28.05         	2.333638e-02
28.1          	2.331156e-02
28.15         	2.328606e-02
28.2          	2.325988e-02
28.25         	2.323311e-02
28.3          	2.320610e-02
28.35         	2.317922e-02
28.4          	2.315251e-02
28.45         	2.312604e-02
28.5          	2.309998e-02
28.55         	2.307447e-02
28.6          	2.304974e-02
28.65         	2.302587e-02
28.7          	2.300305e-02
28.75         	2.298141e-02
28.8          	2.296102e-02
28.85         	2.294187e-02
28.9          	2.292416e-02
28.95         	2.290810e-02
29            	2.289365e-02
29.05         	2.288068e-02
29.1          	2.286939e-02
29.15         	2.285986e-02
29.2          	2.285209e-02
29.25         	2.284596e-02
29.3          	2.284153e-02
29.35         	2.283880e-02
29.4          	2.283759e-02
29.45         	2.283776e-02
29.5          	2.283917e-02
29.55         	2.284166e-02
29.6          	2.284510e-02
29.65         	2.284950e-02
29.7          	2.285472e-02
29.75         	2.286057e-02
29.8          	2.287742e-02
29.85         	2.288426e-02
29.9          	2.289143e-02
29.95         	2.289891e-02
30            	2.290665e-02
30.05         	2.291465e-02
30.1          	2.292288e-02
30.15         	2.293130e-02
30.2          	2.293996e-02
30.25         	2.294895e-02
30.3          	2.295825e-02
30.35         	2.296784e-02
30.4          	2.297772e-02
30.45         	2.298782e-02
30.5          	2.299809e-02
30.55         	2.300835e-02
30.6          	2.301838e-02
30.65         	2.302790e-02
30.7          	2.303682e-02
30.75         	2.304707e-02
30.8          	2.305384e-02
30.85         	2.305915e-02
30.9          	2.307263e-02
30.95         	2.307757e-02
31            	2.307763e-02
31.05         	2.307591e-02
31.1          	2.307251e-02
31.15         	2.306756e-02
31.2          	2.310298e-02
31.25         	2.309524e-02
31.3          	2.308624e-02
31.35         	2.307607e-02
31.4          	2.306672e-02
31.45         	2.305459e-02
31.5          	2.304177e-02
31.55         	2.302824e-02
31.6          	2.301428e-02
31.65         	2.301023e-02
31.7          	2.299586e-02
31.75         	2.298148e-02
31.8          	2.296717e-02
31.85         	2.295296e-02
31.9          	2.293884e-02
31.95         	2.292478e-02
32            	2.291071e-02
32.05         	2.289653e-02
32.1          	2.288215e-02
32.15         	2.286751e-02
32.2          	2.285261e-02
32.25         	2.283751e-02
32.3          	2.282235e-02
32.35         	2.280730e-02
32.4          	2.279259e-02
32.45         	2.277847e-02
32.5          	2.276523e-02
32.55         	2.275316e-02
32.6          	2.274258e-02
32.65         	2.273376e-02
32.7          	2.272694e-02
32.75         	2.272228e-02
32.8          	2.271983e-02
32.85         	2.271956e-02
32.9          	2.272134e-02
32.95         	2.272491e-02
33            	2.272994e-02
33.05         	2.273607e-02
33.1          	2.274285e-02
33.15         	2.274983e-02
33.2          	2.275655e-02
33.25         	2.276254e-02
33.3          	2.276742e-02
33.35         	2.277198e-02
33.4          	2.277364e-02
33.45         	2.277344e-02
33.5          	2.277132e-02
33.55         	2.276740e-02
33.6          	2.276185e-02
33.65         	2.275494e-02
33.7          	2.274701e-02
33.75         	2.273841e-02
33.8          	2.272955e-02
33.85         	2.272079e-02
33.9          	2.271249e-02
33.95         	2.270496e-02
34            	2.311233e-02
34.05         	2.310695e-02
34.1          	2.310282e-02
34.15         	2.309992e-02
34.2          	2.309823e-02
34.25         	2.309764e-02
34.3          	2.309797e-02
34.35         	2.309894e-02
34.4          	2.310018e-02
34.45         	2.310138e-02
34.5          	2.310223e-02
34.55         	2.310241e-02
34.6          	2.310174e-02
34.65         	2.310007e-02
34.7          	2.309735e-02
34.75         	2.309353e-02
34.8          	2.308870e-02
34.85         	2.308299e-02
34.9          	2.307665e-02
34.95         	2.306983e-02
35            	2.306268e-02
35.05         	2.305541e-02
35.1          	2.304811e-02
35.15         	2.304091e-02
35.2          	2.303378e-02
35.25         	2.302706e-02
35.3          	2.302115e-02
35.35         	2.301616e-02
35.4          	2.301187e-02
35.45         	2.300944e-02
35.5          	2.300690e-02
35.55         	2.300575e-02
35.6          	2.300561e-02
35.65         	2.300617e-02
35.7          	2.300728e-02
35.75         	2.300903e-02
35.8          	2.301117e-02
35.85         	2.301388e-02
35.9          	2.301674e-02
35.95         	2.301941e-02
36            	2.302215e-02
36.05         	2.302384e-02
36.1          	2.302510e-02
36.15         	2.302597e-02
36.2          	2.302644e-02
36.25         	2.302541e-02
36.3          	2.302415e-02
36.35         	2.302272e-02
36.4          	2.302084e-02
36.45         	2.301934e-02
36.5          	2.301823e-02
36.55         	2.301710e-02
36.6          	2.301555e-02
36.65         	2.301352e-02
36.7          	2.301133e-02
36.75         	2.300932e-02
36.8          	2.300770e-02
36.85         	2.300648e-02
36.9          	2.300561e-02
36.95         	2.300500e-02
37            	2.300433e-02
37.05         	2.300310e-02
37.1          	2.300087e-02
37.15         	2.299745e-02
37.2          	2.299255e-02
37.25         	2.298591e-02
37.3          	2.297734e-02
37.35         	2.296675e-02
37.4          	2.295422e-02
37.45         	2.294001e-02
37.5          	2.292446e-02
37.55         	2.290797e-02
37.6          	2.289094e-02
37.65         	2.287374e-02
37.7          	2.285668e-02
37.75         	2.284001e-02
37.8          	2.282389e-02
37.85         	2.280841e-02
37.9          	2.279364e-02
37.95         	2.277968e-02
38            	2.276659e-02
38.05         	2.275449e-02
38.1          	2.274354e-02
38.15         	2.273398e-02
38.2          	2.288982e-02
38.25         	2.288344e-02
38.3          	2.287909e-02
38.35         	2.287707e-02
38.4          	2.287763e-02
38.45         	2.288096e-02
38.5          	2.288716e-02
38.55         	2.289617e-02
38.6          	2.290780e-02
38.65         	2.292168e-02
38.7          	2.293729e-02
38.75         	2.295403e-02
38.8          	2.297124e-02
38.85         	2.298833e-02
38.9          	2.300481e-02
38.95         	2.302037e-02
39            	2.303481e-02
39.05         	2.304804e-02
39.1          	2.306000e-02
39.15         	2.307068e-02
39.2          	2.308007e-02
39.25         	2.308814e-02
39.3          	2.309488e-02
39.35         	2.310028e-02
39.4          	2.310431e-02
39.45         	2.310695e-02
39.5          	2.310822e-02
39.55         	2.310812e-02
39.6          	2.310673e-02
39.65         	2.310412e-02
39.7          	2.310039e-02
39.75         	2.309567e-02
39.8          	2.309014e-02
39.85         	2.308397e-02
39.9          	2.307733e-02
39.95         	2.307032e-02
40            	2.306307e-02
40.05         	2.305565e-02
40.1          	2.304813e-02
40.15         	2.304058e-02
40.2          	2.303302e-02
40.25         	2.302553e-02
40.3          	2.301820e-02
40.35         	2.301114e-02
40.4          	2.300450e-02
40.45         	2.299843e-02
40.5          	2.299306e-02
40.55         	2.298851e-02
40.6          	2.298533e-02
40.65         	2.298251e-02
40.7          	2.298046e-02
40.75         	2.297904e-02
40.8          	2.297805e-02
40.85         	2.297722e-02
40.9          	2.297628e-02
40.95         	2.297497e-02
41            	2.297306e-02
41.05         	2.297032e-02
41.1          	2.296664e-02
41.15         	2.296188e-02
41.2          	2.295596e-02
41.25         	2.294884e-02
41.3          	2.294051e-02
41.35         	2.293097e-02
41.4          	2.292016e-02
41.45         	2.290812e-02
41.5          	2.289485e-02
41.55         	2.288042e-02
41.6          	2.286499e-02
41.65         	2.284875e-02
41.7          	2.283190e-02
41.75         	2.281465e-02
41.8          	2.279719e-02
41.85         	2.277970e-02
41.9          	2.276235e-02
41.95         	2.274529e-02
42            	2.272868e-02
42.05         	2.271272e-02
42.1          	2.269755e-02
42.15         	2.268330e-02
42.2          	2.267020e-02
42.25         	2.265852e-02
42.3          	2.264840e-02
42.35         	2.263983e-02
42.4          	2.263280e-02
42.45         	2.262719e-02
42.5          	2.262285e-02
42.55         	2.261958e-02
42.6          	2.261712e-02
42.65         	2.261522e-02
42.7          	2.261358e-02
42.75         	2.261223e-02
42.8          	2.261044e-02
42.85         	2.260833e-02
42.9          	2.260582e-02
42.95         	2.260296e-02
43            	2.259945e-02
43.05         	2.259536e-02
43.1          	2.259154e-02
43.15         	2.258644e-02
43.2          	2.258101e-02
43.25         	2.257663e-02
43.3          	2.257045e-02
43.35         	2.256390e-02
43.4          	2.255707e-02
43.45         	2.255230e-02
43.5          	2.254548e-02
43.55         	2.253832e-02
43.6          	2.253097e-02
43.65         	2.252345e-02
43.7          	2.251583e-02
43.75         	2.250862e-02
43.8          	2.250215e-02
43.85         	2.249625e-02
43.9          	2.249110e-02
43.95         	2.248647e-02
44            	2.248296e-02
44.05         	2.248080e-02
44.1          	2.248034e-02
44.15         	2.248172e-02
44.2          	2.248492e-02
44.25         	2.248971e-02
44.3          	2.249578e-02
44.35         	2.250283e-02
44.4          	2.251013e-02
44.45         	2.251742e-02
44.5          	2.252425e-02
44.55         	2.256241e-02
44.6          	2.256792e-02
44.65         	2.257273e-02
44.7          	2.257694e-02
44.75         	2.258067e-02
44.8          	2.258402e-02
44.85         	2.258711e-02
44.9          	2.259001e-02
44.95         	2.259275e-02
45            	2.259531e-02
45.05         	2.259764e-02
45.1          	2.259963e-02
45.15         	2.260117e-02
45.2          	2.260220e-02
45.25         	2.260267e-02
45.3          	2.260256e-02
45.35         	2.260189e-02
45.4          	2.260069e-02
45.45         	2.259900e-02
45.5          	2.259690e-02
45.55         	2.259445e-02
45.6          	2.259175e-02
45.65         	2.258884e-02
45.7          	2.258582e-02
45.75         	2.258272e-02
45.8          	2.257962e-02
45.85         	2.257655e-02
45.9          	2.257354e-02
45.95         	2.257065e-02
46            	2.256792e-02
46.05         	2.256545e-02
46.1          	2.256335e-02
46.15         	2.256175e-02
46.2          	2.256097e-02
46.25         	2.256091e-02
46.3          	2.256183e-02
46.35         	2.256385e-02
46.4          	2.256706e-02
46.45         	2.257131e-02
46.5          	2.257634e-02
46.55         	2.258199e-02
46.6          	2.258808e-02
46.65         	2.259439e-02
46.7          	2.260073e-02
46.75         	2.260679e-02
46.8          	2.261243e-02
46.85         	2.261756e-02
46.9          	2.262200e-02
46.95         	2.262576e-02
47            	2.262879e-02
47.05         	2.263110e-02
47.1          	2.263272e-02
47.15         	2.268946e-02
47.2          	2.270048e-02
47.25         	2.270048e-02
47.3          	2.270012e-02
47.35         	2.269961e-02
47.4          	2.269884e-02
47.45         	2.269808e-02
47.5          	2.269748e-02
47.55         	2.269721e-02
47.6          	2.270250e-02
47.65         	2.270297e-02
47.7          	2.270360e-02
47.75         	2.270424e-02
47.8          	2.270474e-02
47.85         	2.270475e-02
47.9          	2.270384e-02
47.95         	2.270169e-02
48            	2.269809e-02
48.05         	2.269301e-02
48.1          	2.268649e-02
48.15         	2.267880e-02
48.2          	2.267028e-02
48.25         	2.266128e-02
48.3          	2.265219e-02
48.35         	2.264334e-02
48.4          	2.263505e-02
48.45         	2.262758e-02
48.5          	2.262117e-02
48.55         	2.261594e-02
48.6          	2.261200e-02
48.65         	2.260938e-02
48.7          	2.260814e-02
48.75         	2.260830e-02
48.8          	2.260989e-02
48.85         	2.261296e-02
48.9          	2.261757e-02
48.95         	2.262379e-02
49            	2.263166e-02
49.05         	2.264112e-02
49.1          	2.265209e-02
49.15         	2.266448e-02
49.2          	2.267819e-02
49.25         	2.269302e-02
49.3          	2.270859e-02
49.35         	2.272461e-02
49.4          	2.274084e-02
49.45         	2.275703e-02
49.5          	2.277299e-02
49.55         	2.278859e-02
49.6          	2.280685e-02
49.65         	2.282157e-02
49.7          	2.283587e-02
49.75         	2.284998e-02
49.8          	2.286367e-02
49.85         	2.287731e-02
49.9          	2.289066e-02
49.95         	2.290383e-02
50            	2.291697e-02
50.05         	2.293016e-02
50.1          	2.294347e-02
50.15         	2.295697e-02
50.2          	2.297070e-02
50.25         	2.298470e-02
50.3          	2.299893e-02
50.35         	2.301331e-02
50.4          	2.302765e-02
50.45         	2.304166e-02
50.5          	2.305500e-02
50.55         	2.306729e-02
50.6          	2.307818e-02
50.65         	2.308741e-02
50.7          	2.309465e-02
50.75         	2.309979e-02
50.8          	2.310280e-02
50.85         	2.310369e-02
50.9          	2.310257e-02
50.95         	2.309957e-02
51            	2.309489e-02
51.05         	2.308874e-02
51.1          	2.308300e-02
51.15         	2.307457e-02
51.2          	2.306526e-02
51.25         	2.305518e-02
51.3          	2.304451e-02
51.35         	2.303326e-02
51.4          	2.302146e-02
51.45         	2.300914e-02
51.5          	2.299628e-02
51.55         	2.298280e-02
51.6          	2.296861e-02
51.65         	2.295376e-02
51.7          	2.293831e-02
51.75         	2.292230e-02
51.8          	2.290576e-02
51.85         	2.288840e-02
51.9          	2.286991e-02
51.95         	2.285027e-02
52            	2.282977e-02
52.05         	2.280909e-02
52.1          	2.278980e-02
52.15         	2.277267e-02
52.2          	2.275835e-02
52.25         	2.274626e-02
52.3          	2.273508e-02
52.35         	2.272441e-02
52.4          	2.271500e-02
52.45         	2.270706e-02
52.5          	2.270074e-02
52.55         	2.269596e-02
52.6          	2.269319e-02
52.65         	2.269257e-02
52.7          	2.269393e-02
52.75         	2.269680e-02
52.8          	2.270089e-02
52.85         	2.270614e-02
52.9          	2.271216e-02
52.95         	2.271859e-02
53            	2.272507e-02
53.05         	2.273128e-02
53.1          	2.273704e-02
53.15         	2.274211e-02
53.2          	2.274631e-02
53.25         	2.274955e-02
53.3          	2.275186e-02
53.35         	2.275323e-02
53.4          	2.275416e-02
53.45         	2.275491e-02
53.5          	2.275537e-02
53.55         	2.275580e-02
53.6          	2.275641e-02
53.65         	2.275737e-02
53.7          	2.275871e-02
53.75         	2.276060e-02
53.8          	2.276326e-02
53.85         	2.276694e-02
53.9          	2.277192e-02
53.95         	2.277853e-02
54            	2.278710e-02
54.05         	2.279790e-02
54.1          	2.281102e-02
54.15         	2.282638e-02
54.2          	2.284359e-02
54.25         	2.286230e-02
54.3          	2.288174e-02
54.35         	2.290280e-02
54.4          	2.292227e-02
54.45         	2.294221e-02
54.5          	2.296018e-02
54.55         	2.297696e-02
54.6          	2.301285e-02
54.65         	2.302718e-02
54.7          	2.304048e-02
54.75         	2.305283e-02
54.8          	2.306422e-02
54.85         	2.307451e-02
54.9          	2.308363e-02
54.95         	2.309144e-02
55            	2.309792e-02
55.05         	2.310272e-02
55.1          	2.310558e-02
55.15         	2.310653e-02
55.2          	2.310548e-02
55.25         	2.310244e-02
55.3          	2.309753e-02
55.35         	2.309091e-02
55.4          	2.355262e-02
55.45         	2.354317e-02
55.5          	2.353263e-02
55.55         	2.352123e-02
55.6          	2.350916e-02
55.65         	2.349663e-02
55.7          	2.348383e-02
55.75         	2.347085e-02
55.8          	2.345771e-02
55.85         	2.344443e-02
55.9          	2.343099e-02
55.95         	2.341740e-02
56            	2.340367e-02
56.05         	2.338983e-02
56.1          	2.337591e-02
56.15         	2.336209e-02
56.2          	2.334851e-02
56.25         	2.333533e-02
56.3          	2.332271e-02
56.35         	2.331085e-02
56.4          	2.329998e-02
56.45         	2.329022e-02
56.5          	2.328179e-02
56.55         	2.327481e-02
56.6          	2.326945e-02
56.65         	2.326576e-02
56.7          	2.326371e-02
56.75         	2.326317e-02
56.8          	2.326401e-02
56.85         	2.326603e-02
56.9          	2.326899e-02
56.95         	2.327268e-02
57            	2.327690e-02
57.05         	2.328150e-02
57.1          	2.328632e-02
57.15         	2.329123e-02
57.2          	2.329612e-02
57.25         	2.330092e-02
57.3          	2.330564e-02
57.35         	2.331010e-02
57.4          	2.331438e-02
57.45         	2.331854e-02
57.5          	2.332265e-02
57.55         	2.332678e-02
57.6          	2.333104e-02
57.65         	2.333538e-02
57.7          	2.333992e-02
57.75         	2.334465e-02
57.8          	2.334957e-02
57.85         	2.335463e-02
57.9          	2.335977e-02
57.95         	2.336491e-02
58            	2.337008e-02
58.05         	2.337488e-02
58.1          	2.337930e-02
58.15         	2.338322e-02
58.2          	2.338652e-02
58.25         	2.338911e-02
58.3          	2.339088e-02
58.35         	2.339167e-02
58.4          	2.339139e-02
58.45         	2.338988e-02
58.5          	2.338698e-02
58.55         	2.338250e-02
58.6          	2.337620e-02
58.65         	2.336789e-02
58.7          	2.335744e-02
58.75         	2.334488e-02
58.8          	2.333035e-02
58.85         	2.331411e-02
58.9          	2.329647e-02
58.95         	2.327773e-02
59            	2.325818e-02
59.05         	2.323806e-02
59.1          	2.321757e-02
59.15         	2.319686e-02
59.2          	2.317600e-02
59.25         	2.315507e-02
59.3          	2.313409e-02
59.35         	2.311308e-02
59.4          	2.309208e-02
59.45         	2.307117e-02
59.5          	2.305044e-02
59.55         	2.303006e-02
59.6          	2.301021e-02
59.65         	2.299114e-02
59.7          	2.297311e-02
59.75         	2.295643e-02
59.8          	2.294138e-02
59.85         	2.292828e-02
59.9          	2.291740e-02
59.95         	2.290902e-02
60            	2.290329e-02
60.05         	2.290037e-02
60.1          	2.290032e-02
60.15         	2.290311e-02
60.2          	2.290856e-02
60.25         	2.291639e-02
60.3          	2.292623e-02
60.35         	2.293761e-02
60.4          	2.295006e-02
60.45         	2.296310e-02
60.5          	2.297635e-02
60.55         	2.298953e-02
60.6          	2.300248e-02
60.65         	2.301513e-02
60.7          	2.302746e-02
60.75         	2.303945e-02
60.8          	2.305111e-02
60.85         	2.306243e-02
60.9          	2.307339e-02
60.95         	2.308390e-02
61            	2.309386e-02
61.05         	2.310325e-02
61.1          	2.311204e-02
61.15         	2.312023e-02
61.2          	2.313293e-02
61.25         	2.313971e-02
61.3          	2.314593e-02
61.35         	2.315245e-02
61.4          	2.315758e-02
61.45         	2.316236e-02
61.5          	2.316714e-02
61.55         	2.317206e-02
61.6          	2.317427e-02
61.65         	2.317573e-02
61.7          	2.317844e-02
61.75         	2.318002e-02
61.8          	2.318037e-02
61.85         	2.318080e-02
61.9          	2.318207e-02
61.95         	2.318264e-02
62            	2.318177e-02
62.05         	2.317918e-02
62.1          	2.317643e-02
62.15         	2.317436e-02
62.2          	2.317175e-02
62.25         	2.316776e-02
62.3          	2.316309e-02
62.35         	2.315777e-02
62.4          	2.315182e-02
62.45         	2.314525e-02
62.5          	2.313856e-02
62.55         	2.313232e-02
62.6          	2.312643e-02
62.65         	2.312080e-02
62.7          	2.311543e-02
62.75         	2.311025e-02
62.8          	2.310509e-02
62.85         	2.309971e-02
62.9          	2.309425e-02
62.95         	2.308868e-02
63            	2.308281e-02
63.05         	2.307626e-02
63.1          	2.306866e-02
63.15         	2.305972e-02
63.2          	2.304904e-02
63.25         	2.303647e-02
63.3          	2.302201e-02
63.35         	2.300563e-02
63.4          	2.298760e-02
63.45         	2.296821e-02
63.5          	2.294788e-02
63.55         	2.292701e-02
63.6          	2.290606e-02
63.65         	2.288540e-02
63.7          	2.286537e-02
63.75         	2.284620e-02
63.8          	2.282805e-02
63.85         	2.281104e-02
63.9          	2.279518e-02
63.95         	2.278045e-02
64            	2.276680e-02
64.05         	2.275416e-02
64.1          	2.274249e-02
64.15         	2.273171e-02
64.2          	2.272175e-02
64.25         	2.271251e-02
64.3          	2.270390e-02
64.35         	2.269574e-02
64.4          	2.268777e-02
64.45         	2.267963e-02
64.5          	2.267090e-02
64.55         	2.266098e-02
64.6          	2.264946e-02
64.65         	2.263592e-02
64.7          	2.263108e-02
64.75         	2.261322e-02
64.8          	2.259340e-02
64.85         	2.258054e-02
64.9          	2.255765e-02
64.95         	2.253383e-02
65            	2.250963e-02
65.05         	2.248555e-02
65.1          	2.246196e-02
65.15         	2.243916e-02
65.2          	2.241739e-02
65.25         	2.239683e-02
65.3          	2.237765e-02
65.35         	2.235999e-02
65.4          	2.234396e-02
65.45         	2.232963e-02
65.5          	2.231705e-02
65.55         	2.230626e-02
65.6          	2.229727e-02
65.65         	2.229003e-02
65.7          	2.228444e-02
65.75         	2.228033e-02
65.8          	2.227748e-02
65.85         	2.227559e-02
65.9          	2.227436e-02
65.95         	2.227349e-02
66            	2.227276e-02
66.05         	2.227195e-02
66.1          	2.227098e-02
66.15         	2.226982e-02
66.2          	2.226855e-02
66.25         	2.226729e-02
66.3          	2.226623e-02
66.35         	2.226552e-02
66.4          	2.226531e-02
66.45         	2.226571e-02
66.5          	2.226678e-02
66.55         	2.226855e-02
66.6          	2.227101e-02
66.65         	2.227416e-02
66.7          	2.227794e-02
66.75         	2.228229e-02
66.8          	2.228715e-02
66.85         	2.229243e-02
66.9          	2.229803e-02
66.95         	2.230390e-02
67            	2.230997e-02
67.05         	2.231613e-02
67.1          	2.232230e-02
67.15         	2.232839e-02
67.2          	2.246125e-02
67.25         	2.246748e-02
67.3          	2.247375e-02
67.35         	2.248002e-02
67.4          	2.248646e-02
67.45         	2.249315e-02
67.5          	2.250083e-02
67.55         	2.250945e-02
67.6          	2.251955e-02
67.65         	2.253067e-02
67.7          	2.254281e-02
67.75         	2.255582e-02
67.8          	2.256925e-02
67.85         	2.258251e-02
67.9          	2.259525e-02
67.95         	2.260684e-02
68            	2.261780e-02
68.05         	2.262668e-02
68.1          	2.263420e-02
68.15         	2.264021e-02
68.2          	2.264479e-02
68.25         	2.264820e-02
68.3          	2.265082e-02
68.35         	2.265287e-02
68.4          	2.265421e-02
68.45         	2.265493e-02
68.5          	2.265506e-02
68.55         	2.265464e-02
68.6          	2.265366e-02
68.65         	2.265203e-02
68.7          	2.264963e-02
68.75         	2.264647e-02
68.8          	2.264270e-02
68.85         	2.263849e-02
68.9          	2.263404e-02
68.95         	2.262960e-02
69            	2.262539e-02
69.05         	2.262164e-02
69.1          	2.261853e-02
69.15         	2.261614e-02
69.2          	2.261452e-02
69.25         	2.261363e-02
69.3          	2.261336e-02
69.35         	2.261357e-02
69.4          	2.261415e-02
69.45         	2.261498e-02
69.5          	2.261597e-02
69.55         	2.261707e-02
69.6          	2.261827e-02
69.65         	2.261962e-02
69.7          	2.262121e-02
69.75         	2.262311e-02
69.8          	2.262546e-02
69.85         	2.262837e-02
69.9          	2.263196e-02
69.95         	2.263634e-02
70            	2.264160e-02
70.05         	2.264784e-02
70.1          	2.265512e-02
70.15         	2.266343e-02
70.2          	2.267272e-02
70.25         	2.268284e-02
70.3          	2.269357e-02
70.35         	2.270461e-02
70.4          	2.271561e-02
70.45         	2.272617e-02
70.5          	2.273590e-02
70.55         	2.274446e-02
70.6          	2.275709e-02
70.65         	2.276284e-02
70.7          	2.276741e-02
70.75         	2.277065e-02
70.8          	2.277297e-02
70.85         	2.277455e-02
70.9          	2.277560e-02
70.95         	2.277631e-02
71            	2.277683e-02
71.05         	2.277723e-02
71.1          	2.277766e-02
71.15         	2.277809e-02
71.2          	2.277854e-02
71.25         	2.279503e-02
71.3          	2.279563e-02
71.35         	2.279633e-02
71.4          	2.279709e-02
71.45         	2.279783e-02
71.5          	2.279848e-02
71.55         	2.279892e-02
71.6          	2.279886e-02
71.65         	2.279814e-02
71.7          	2.279651e-02
71.75         	2.279373e-02
71.8          	2.278964e-02
71.85         	2.278414e-02
71.9          	2.277710e-02
71.95         	2.276847e-02
72            	2.275827e-02
72.05         	2.274653e-02
72.1          	2.273327e-02
72.15         	2.271888e-02
72.2          	2.270369e-02
72.25         	2.268831e-02
72.3          	2.267313e-02
72.35         	2.265851e-02
72.4          	2.264405e-02
72.45         	2.263118e-02
72.5          	2.262064e-02
72.55         	2.261116e-02
72.6          	2.260245e-02
72.65         	2.259469e-02
72.7          	2.258854e-02
72.75         	2.258416e-02
72.8          	2.258295e-02
72.85         	2.258611e-02
72.9          	2.259364e-02
72.95         	2.260525e-02
73            	2.262057e-02
73.05         	2.263913e-02
73.1          	2.266052e-02
73.15         	2.268423e-02
73.2          	2.270997e-02
73.25         	2.273727e-02
73.3          	2.278558e-02
73.35         	2.281574e-02
73.4          	2.284680e-02
73.45         	2.287853e-02
73.5          	2.291098e-02
73.55         	2.294437e-02
73.6          	2.297857e-02
73.65         	2.301355e-02
73.7          	2.304937e-02
73.75         	2.308575e-02
73.8          	2.312234e-02
73.85         	2.315876e-02
73.9          	2.319485e-02
73.95         	2.323038e-02
74            	2.326509e-02
74.05         	2.329868e-02
74.1          	2.333086e-02
74.15         	2.336134e-02
74.2          	2.338988e-02
74.25         	2.341627e-02
74.3          	2.344033e-02
74.35         	2.346195e-02
74.4          	2.348098e-02
74.45         	2.349740e-02
74.5          	2.351126e-02
74.55         	2.352271e-02
74.6          	2.353199e-02
74.65         	2.353937e-02
74.7          	2.354510e-02
74.75         	2.354945e-02
74.8          	2.355262e-02
74.85         	2.355477e-02
74.9          	2.355593e-02
74.95         	2.355621e-02
75            	2.355573e-02
75.05         	2.355459e-02
75.1          	2.355246e-02
75.15         	2.354920e-02
75.2          	2.354492e-02
75.25         	2.353961e-02
75.3          	2.353336e-02
75.35         	2.352623e-02
75.4          	2.351824e-02
75.45         	2.350948e-02
75.5          	2.350004e-02
75.55         	2.349000e-02
75.6          	2.347940e-02
75.65         	2.346831e-02
75.7          	2.345689e-02
75.75         	2.344524e-02
75.8          	2.343342e-02
75.85         	2.342145e-02
75.9          	2.340927e-02
75.95         	2.339677e-02
76            	2.338398e-02
76.05         	2.337083e-02
76.1          	2.335728e-02
76.15         	2.334331e-02
76.2          	2.332891e-02
76.25         	2.331408e-02
76.3          	2.329889e-02
76.35         	2.328348e-02
76.4          	2.326794e-02
76.45         	2.325232e-02
76.5          	2.323662e-02
76.55         	2.322103e-02
76.6          	2.320476e-02
76.65         	2.318772e-02
76.7          	2.316980e-02
76.75         	2.315088e-02
76.8          	2.313090e-02
76.85         	2.310989e-02
76.9          	2.308810e-02
76.95         	2.306589e-02
77            	2.304359e-02
77.05         	2.302138e-02
77.1          	2.299945e-02
77.15         	2.297803e-02
77.2          	2.295730e-02
77.25         	2.293742e-02
77.3          	2.291842e-02
77.35         	2.290029e-02
77.4          	2.288316e-02
77.45         	2.286693e-02
77.5          	2.285161e-02
77.55         	2.283717e-02
77.6          	2.282359e-02
77.65         	2.281085e-02
77.7          	2.279892e-02
77.75         	2.278782e-02
77.8          	2.277754e-02
77.85         	2.276810e-02
77.9          	2.275946e-02
77.95         	2.275155e-02
78            	2.274427e-02
78.05         	2.274422e-02
78.1          	2.273774e-02
78.15         	2.273139e-02
78.2          	2.272494e-02
78.25         	2.271821e-02
78.3          	2.271102e-02
78.35         	2.270320e-02
78.4          	2.269465e-02
78.45         	2.268531e-02
78.5          	2.267521e-02
78.55         	2.266446e-02
78.6          	2.265327e-02
78.65         	2.264186e-02
78.7          	2.263053e-02
78.75         	2.261965e-02
78.8          	2.260932e-02
78.85         	2.260003e-02
78.9          	2.259185e-02
78.95         	2.258517e-02
79            	2.258029e-02
79.05         	2.257750e-02
79.1          	2.257700e-02
79.15         	2.258286e-02
79.2          	2.258748e-02
79.25         	2.259480e-02
79.3          	2.260487e-02
79.35         	2.261772e-02
79.4          	2.263328e-02
79.45         	2.265137e-02
79.5          	2.267183e-02
79.55         	2.269434e-02
79.6          	2.271847e-02
79.65         	2.274369e-02
79.7          	2.276945e-02
79.75         	2.279515e-02
79.8          	2.282017e-02
79.85         	2.284374e-02
79.9          	2.286535e-02
79.95         	2.288464e-02
80            	2.290129e-02
80.05         	2.291510e-02
80.1          	2.292602e-02
80.15         	2.293412e-02
80.2          	2.293956e-02
80.25         	2.294261e-02
80.3          	2.294365e-02
80.35         	2.294319e-02
80.4          	2.294182e-02
80.45         	2.294009e-02
80.5          	2.293846e-02
80.55         	2.293719e-02
80.6          	2.293641e-02
80.65         	2.293608e-02
80.7          	2.293602e-02
80.75         	2.293593e-02
80.8          	2.293549e-02
80.85         	2.293436e-02
80.9          	2.293230e-02
80.95         	2.292919e-02
81            	2.292503e-02
81.05         	2.291995e-02
81.1          	2.291414e-02
81.15         	2.290776e-02
81.2          	2.290096e-02
81.25         	2.289368e-02
81.3          	2.288581e-02
81.35         	2.287713e-02
81.4          	2.286764e-02
81.45         	2.285740e-02
81.5          	2.284626e-02
81.55         	2.283399e-02
81.6          	2.282075e-02
81.65         	2.280695e-02
81.7          	2.279325e-02
81.75         	2.278003e-02
81.8          	2.276719e-02
81.85         	2.275498e-02
81.9          	2.274242e-02
81.95         	2.273122e-02
82            	2.272133e-02
82.05         	2.271174e-02
82.1          	2.270330e-02
82.15         	2.269657e-02
82.2          	2.269058e-02
82.25         	2.268453e-02
82.3          	2.267820e-02
82.35         	2.267188e-02
82.4          	2.266458e-02
82.45         	2.265661e-02
82.5          	2.264791e-02
82.55         	2.263849e-02
82.6          	2.262854e-02
82.65         	2.261811e-02
82.7          	2.261356e-02
82.75         	2.260261e-02
82.8          	2.259152e-02
82.85         	2.258036e-02
82.9          	2.256918e-02
82.95         	2.255799e-02
83            	2.254680e-02
83.05         	2.253562e-02
83.1          	2.252436e-02
83.15         	2.251304e-02
83.2          	2.250159e-02
83.25         	2.249025e-02
83.3          	2.247927e-02
83.35         	2.246874e-02
83.4          	2.245900e-02
83.45         	2.245029e-02
83.5          	2.244283e-02
83.55         	2.243685e-02
83.6          	2.243250e-02
83.65         	2.242990e-02
83.7          	2.242910e-02
83.75         	2.243011e-02
83.8          	2.243284e-02
83.85         	2.245207e-02
83.9          	2.245783e-02
83.95         	2.246480e-02
84            	2.247269e-02
84.05         	2.248122e-02
84.1          	2.249008e-02
84.15         	2.249881e-02
84.2          	2.250712e-02
84.25         	2.251479e-02
84.3          	2.252165e-02
84.35         	2.252769e-02
84.4          	2.253291e-02
84.45         	2.253744e-02
84.5          	2.254143e-02
84.55         	2.254508e-02
84.6          	2.254856e-02
84.65         	2.255202e-02
84.7          	2.255556e-02
84.75         	2.255924e-02
84.8          	2.256300e-02
84.85         	2.256675e-02
84.9          	2.257030e-02
84.95         	2.257344e-02
85            	2.257590e-02
85.05         	2.257743e-02
85.1          	2.257786e-02
85.15         	2.257709e-02
85.2          	2.257510e-02
85.25         	2.257198e-02
85.3          	2.256792e-02
85.35         	2.256320e-02
85.4          	2.255814e-02
85.45         	2.255313e-02
85.5          	2.254856e-02
85.55         	2.254482e-02
85.6          	2.254224e-02
85.65         	2.254111e-02
85.7          	2.254163e-02
85.75         	2.254394e-02
85.8          	2.254809e-02
85.85         	2.255401e-02
85.9          	2.256189e-02
85.95         	2.257081e-02
86            	2.258085e-02
86.05         	2.259173e-02
86.1          	2.260314e-02
86.15         	2.261481e-02
86.2          	2.262652e-02
86.25         	2.263806e-02
86.3          	2.264916e-02
86.35         	2.265963e-02
86.4          	2.268163e-02
86.45         	2.269031e-02
86.5          	2.269787e-02
86.55         	2.270413e-02
86.6          	2.270893e-02
86.65         	2.271215e-02
86.7          	2.271365e-02
86.75         	2.271339e-02
86.8          	2.271139e-02
86.85         	2.270777e-02
86.9          	2.270266e-02
86.95         	2.269617e-02
87            	2.268843e-02
87.05         	2.267951e-02
87.1          	2.268185e-02
87.15         	2.267066e-02
87.2          	2.265830e-02
87.25         	2.264472e-02
87.3          	2.262994e-02
87.35         	2.261380e-02
87.4          	2.259642e-02
87.45         	2.257795e-02
87.5          	2.260693e-02
87.55         	2.258670e-02
87.6          	2.256594e-02
87.65         	2.254489e-02
87.7          	2.252374e-02
87.75         	2.250270e-02
87.8          	2.248190e-02
87.85         	2.246429e-02
87.9          	2.244441e-02
87.95         	2.242520e-02
88            	2.240678e-02
88.05         	2.238947e-02
88.1          	2.237317e-02
88.15         	2.235815e-02
88.2          	2.234458e-02
88.25         	2.233257e-02
88.3          	2.232223e-02
88.35         	2.231365e-02
88.4          	2.230688e-02
88.45         	2.230191e-02
88.5          	2.229874e-02
88.55         	2.229735e-02
88.6          	2.229763e-02
88.65         	2.229949e-02
88.7          	2.230284e-02
88.75         	2.230764e-02
88.8          	2.231377e-02
88.85         	2.232114e-02
88.9          	2.232965e-02
88.95         	2.233912e-02
89            	2.234918e-02
89.05         	2.235983e-02
89.1          	2.237104e-02
89.15         	2.238277e-02
89.2          	2.239512e-02
89.25         	2.240779e-02
89.3          	2.242091e-02
89.35         	2.243558e-02
89.4          	2.245167e-02
89.45         	2.246969e-02
89.5          	2.248960e-02
89.55         	2.251105e-02
89.6          	2.253399e-02
89.65         	2.255837e-02
89.7          	2.258437e-02
89.75         	2.261088e-02
89.8          	2.263667e-02
89.85         	2.266070e-02
89.9          	2.268350e-02
89.95         	2.270595e-02
90            	2.272856e-02
