# Region      : all 
# Cells       : 16000
# Volume      : 2.000000e-03
# Time        	volAverage(alpha.air)
0             	0.000000e+00
0.05          	6.293007e-04
0.1           	1.129301e-03
0.15          	1.629301e-03
0.2           	2.129301e-03
0.25          	2.629301e-03
0.3           	3.129301e-03
0.35          	3.629301e-03
0.4           	4.129301e-03
0.45          	4.629301e-03
0.5           	5.129301e-03
0.55          	5.629301e-03
0.6           	6.129301e-03
0.65          	6.629301e-03
0.7           	7.129302e-03
0.75          	7.629302e-03
0.8           	8.129302e-03
0.85          	8.629307e-03
0.9           	9.129307e-03
0.95          	9.629307e-03
1             	1.012931e-02
1.05          	1.062931e-02
1.1           	1.112931e-02
1.15          	1.162931e-02
1.2           	1.212931e-02
1.25          	1.262931e-02
1.3           	1.312931e-02
1.35          	1.362931e-02
1.4           	1.412931e-02
1.45          	1.462931e-02
1.5           	1.512931e-02
1.55          	1.562931e-02
1.6           	1.612931e-02
1.65          	1.662934e-02
1.7           	1.712941e-02
1.75          	1.762942e-02
1.8           	1.812942e-02
1.85          	1.862947e-02
1.9           	1.912960e-02
1.95          	1.962971e-02
2             	2.012973e-02
2.05          	2.062975e-02
2.1           	2.112975e-02
2.15          	2.162975e-02
2.2           	2.212977e-02
2.25          	2.262980e-02
2.3           	2.312980e-02
2.35          	2.362982e-02
2.4           	2.412984e-02
2.45          	2.462984e-02
2.5           	2.512985e-02
2.55          	2.562988e-02
2.6           	2.612990e-02
2.65          	2.662992e-02
2.7           	2.712992e-02
2.75          	2.762994e-02
2.8           	2.812994e-02
2.85          	2.862996e-02
2.9           	2.912998e-02
2.95          	2.962998e-02
3             	3.013000e-02
3.05          	3.063002e-02
3.1           	3.113003e-02
3.15          	3.163006e-02
3.2           	3.213009e-02
3.25          	3.263010e-02
3.3           	3.313010e-02
3.35          	3.363010e-02
3.4           	3.413012e-02
3.45          	3.463013e-02
3.5           	3.513013e-02
3.55          	3.563017e-02
3.6           	3.613016e-02
3.65          	3.662997e-02
3.7           	3.712908e-02
3.75          	3.762611e-02
3.8           	3.811867e-02
3.85          	3.860280e-02
3.9           	3.907281e-02
3.95          	3.952163e-02
4             	3.994130e-02
4.05          	4.032238e-02
4.1           	4.065427e-02
4.15          	4.092755e-02
4.2           	4.114005e-02
4.25          	4.129870e-02
4.3           	4.141604e-02
4.35          	4.150696e-02
4.4           	4.158424e-02
4.45          	4.165384e-02
4.5           	4.171705e-02
4.55          	4.177336e-02
4.6           	4.182118e-02
4.65          	4.185622e-02
4.7           	4.187096e-02
4.75          	4.185780e-02
4.8           	4.181744e-02
4.85          	4.176436e-02
4.9           	4.172587e-02
4.95          	4.171315e-02
5             	4.171889e-02
5.05          	4.173144e-02
5.1           	4.174511e-02
5.15          	4.175696e-02
5.2           	4.176614e-02
5.25          	4.177394e-02
5.3           	4.178544e-02
5.35          	4.180131e-02
5.4           	4.181804e-02
5.45          	4.183306e-02
5.5           	4.184509e-02
5.55          	4.185434e-02
5.6           	4.186225e-02
5.65          	4.186980e-02
5.7           	4.187854e-02
5.75          	4.188875e-02
5.8           	4.189894e-02
5.85          	4.190882e-02
5.9           	4.192166e-02
5.95          	4.193976e-02
6             	4.196110e-02
6.05          	4.198349e-02
6.1           	4.200597e-02
6.15          	4.202789e-02
6.2           	4.204893e-02
6.25          	4.206883e-02
6.3           	4.208707e-02
6.35          	4.210243e-02
6.4           	4.211453e-02
6.45          	4.212238e-02
6.5           	4.212492e-02
6.55          	4.212181e-02
6.6           	4.211262e-02
6.65          	4.209743e-02
6.7           	4.207687e-02
6.75          	4.205189e-02
6.8           	4.202346e-02
6.85          	4.199246e-02
6.9           	4.195945e-02
6.95          	4.192475e-02
7             	4.188788e-02
7.05          	4.184742e-02
7.1           	4.180180e-02
7.15          	4.175008e-02
7.2           	4.169196e-02
7.25          	4.162770e-02
7.3           	4.155768e-02
7.35          	4.148202e-02
7.4           	4.140047e-02
7.45          	4.131315e-02
7.5           	4.122147e-02
7.55          	4.112952e-02
7.6           	4.104434e-02
7.65          	4.097558e-02
7.7           	4.093081e-02
7.75          	4.091020e-02
7.8           	4.090860e-02
7.85          	4.091992e-02
7.9           	4.093921e-02
7.95          	4.096279e-02
8             	4.098809e-02
8.05          	4.101335e-02
8.1           	4.103770e-02
8.15          	4.106101e-02
8.2           	4.108313e-02
8.25          	4.110334e-02
8.3           	4.112066e-02
8.35          	4.113449e-02
8.4           	4.114424e-02
8.45          	4.114933e-02
8.5           	4.114925e-02
8.55          	4.114384e-02
8.6           	4.113346e-02
8.65          	4.111914e-02
8.7           	4.110227e-02
8.75          	4.108458e-02
8.8           	4.106763e-02
8.85          	4.105216e-02
8.9           	4.103801e-02
8.95          	4.102424e-02
9             	4.101000e-02
9.05          	4.099452e-02
9.1           	4.097696e-02
9.15          	4.095691e-02
9.2           	4.093425e-02
9.25          	4.090818e-02
9.3           	4.087772e-02
9.35          	4.084315e-02
9.4           	4.080610e-02
9.45          	4.076882e-02
9.5           	4.073343e-02
9.55          	4.070260e-02
9.6           	4.067861e-02
9.65          	4.066244e-02
9.7           	4.065388e-02
9.75          	4.065245e-02
9.8           	4.065797e-02
9.85          	4.066967e-02
9.9           	4.068595e-02
9.95          	4.070500e-02
10            	4.072542e-02
10.05         	4.074676e-02
10.1          	4.076883e-02
10.15         	4.079135e-02
10.2          	4.081435e-02
10.25         	4.083753e-02
10.3          	4.086056e-02
10.35         	4.088309e-02
10.4          	4.090495e-02
10.45         	4.092592e-02
10.5          	4.094599e-02
10.55         	4.096524e-02
10.6          	4.098381e-02
10.65         	4.100184e-02
10.7          	4.101934e-02
10.75         	4.103624e-02
10.8          	4.105241e-02
10.85         	4.106752e-02
10.9          	4.108103e-02
10.95         	4.109237e-02
11            	4.110103e-02
11.05         	4.110654e-02
11.1          	4.110860e-02
11.15         	4.110697e-02
11.2          	4.110157e-02
11.25         	4.109235e-02
11.3          	4.107913e-02
11.35         	4.106214e-02
11.4          	4.104179e-02
11.45         	4.101846e-02
11.5          	4.099255e-02
11.55         	4.096459e-02
11.6          	4.093525e-02
11.65         	4.090546e-02
11.7          	4.087666e-02
11.75         	4.085036e-02
11.8          	4.082838e-02
11.85         	4.081219e-02
11.9          	4.080265e-02
11.95         	4.079988e-02
12            	4.080357e-02
12.05         	4.081311e-02
12.1          	4.082787e-02
12.15         	4.084727e-02
12.2          	4.087066e-02
12.25         	4.089759e-02
12.3          	4.092741e-02
12.35         	4.095921e-02
12.4          	4.099183e-02
12.45         	4.102408e-02
12.5          	4.105495e-02
12.55         	4.108379e-02
12.6          	4.111033e-02
12.65         	4.113473e-02
12.7          	4.115736e-02
12.75         	4.117869e-02
12.8          	4.119927e-02
12.85         	4.121958e-02
12.9          	4.124107e-02
12.95         	4.126392e-02
13            	4.128761e-02
13.05         	4.131134e-02
13.1          	4.133471e-02
13.15         	4.135715e-02
13.2          	4.137865e-02
13.25         	4.140008e-02
13.3          	4.142183e-02
13.35         	4.144397e-02
13.4          	4.146670e-02
13.45         	4.149009e-02
13.5          	4.151407e-02
13.55         	4.153861e-02
13.6          	4.156390e-02
13.65         	4.158966e-02
13.7          	4.161557e-02
13.75         	4.164097e-02
13.8          	4.166489e-02
13.85         	4.168601e-02
13.9          	4.170264e-02
13.95         	4.171266e-02
14            	4.171388e-02
14.05         	4.170420e-02
14.1          	4.168179e-02
14.15         	4.164553e-02
14.2          	4.159564e-02
14.25         	4.153328e-02
14.3          	4.146066e-02
14.35         	4.138106e-02
14.4          	4.129849e-02
14.45         	4.121705e-02
14.5          	4.114064e-02
14.55         	4.107178e-02
14.6          	4.101216e-02
14.65         	4.096146e-02
14.7          	4.091891e-02
14.75         	4.088191e-02
14.8          	4.084867e-02
14.85         	4.081889e-02
14.9          	4.079099e-02
14.95         	4.076318e-02
15            	4.073392e-02
15.05         	4.070206e-02
15.1          	4.066720e-02
15.15         	4.062909e-02
15.2          	4.058784e-02
15.25         	4.054382e-02
15.3          	4.049706e-02
15.35         	4.044830e-02
15.4          	4.039835e-02
15.45         	4.034778e-02
15.5          	4.029650e-02
15.55         	4.024408e-02
15.6          	4.019041e-02
15.65         	4.013562e-02
15.7          	4.008051e-02
15.75         	4.002695e-02
15.8          	3.997748e-02
15.85         	3.993462e-02
15.9          	3.990028e-02
15.95         	3.987491e-02
16            	3.985746e-02
16.05         	3.984594e-02
16.1          	3.983842e-02
16.15         	3.983371e-02
16.2          	3.983162e-02
16.25         	3.983160e-02
16.3          	3.983304e-02
16.35         	3.983635e-02
16.4          	3.984222e-02
16.45         	3.985166e-02
16.5          	3.986534e-02
16.55         	3.988382e-02
16.6          	3.990758e-02
16.65         	3.993682e-02
16.7          	3.997155e-02
16.75         	4.001146e-02
16.8          	4.005580e-02
16.85         	4.010362e-02
16.9          	4.015376e-02
16.95         	4.020462e-02
17            	4.025487e-02
17.05         	4.030306e-02
17.1          	4.034764e-02
17.15         	4.038773e-02
17.2          	4.042288e-02
17.25         	4.045310e-02
17.3          	4.047888e-02
17.35         	4.050131e-02
17.4          	4.052145e-02
17.45         	4.053959e-02
17.5          	4.055617e-02
17.55         	4.057147e-02
17.6          	4.058592e-02
17.65         	4.060142e-02
17.7          	4.061926e-02
17.75         	4.063943e-02
17.8          	4.066298e-02
17.85         	4.069086e-02
17.9          	4.072098e-02
17.95         	4.075094e-02
18            	4.078003e-02
18.05         	4.080761e-02
18.1          	4.083292e-02
18.15         	4.085547e-02
18.2          	4.087585e-02
18.25         	4.089378e-02
18.3          	4.090848e-02
18.35         	4.092006e-02
18.4          	4.092859e-02
18.45         	4.093388e-02
18.5          	4.093576e-02
18.55         	4.093434e-02
18.6          	4.092982e-02
18.65         	4.092277e-02
18.7          	4.091363e-02
18.75         	4.090267e-02
18.8          	4.088999e-02
18.85         	4.087572e-02
18.9          	4.086039e-02
18.95         	4.084486e-02
19            	4.082991e-02
19.05         	4.081596e-02
19.1          	4.080319e-02
19.15         	4.079178e-02
19.2          	4.078173e-02
19.25         	4.077313e-02
19.3          	4.076586e-02
19.35         	4.076017e-02
19.4          	4.075632e-02
19.45         	4.075466e-02
19.5          	4.075572e-02
19.55         	4.076005e-02
19.6          	4.076808e-02
19.65         	4.078002e-02
19.7          	4.079579e-02
19.75         	4.081523e-02
19.8          	4.083810e-02
19.85         	4.086388e-02
19.9          	4.089202e-02
19.95         	4.092255e-02
20            	4.095587e-02
20.05         	4.099260e-02
20.1          	4.103297e-02
20.15         	4.107695e-02
20.2          	4.112413e-02
20.25         	4.117369e-02
20.3          	4.122463e-02
20.35         	4.127582e-02
20.4          	4.132611e-02
20.45         	4.137414e-02
20.5          	4.141825e-02
20.55         	4.145650e-02
20.6          	4.148697e-02
20.65         	4.150820e-02
20.7          	4.151917e-02
20.75         	4.151948e-02
20.8          	4.150958e-02
20.85         	4.149060e-02
20.9          	4.146392e-02
20.95         	4.143079e-02
21            	4.139232e-02
21.05         	4.134967e-02
21.1          	4.130430e-02
21.15         	4.125778e-02
21.2          	4.121175e-02
21.25         	4.116782e-02
21.3          	4.112809e-02
21.35         	4.109505e-02
21.4          	4.107098e-02
21.45         	4.105749e-02
21.5          	4.105517e-02
21.55         	4.106358e-02
21.6          	4.108165e-02
21.65         	4.110773e-02
21.7          	4.114022e-02
21.75         	4.117751e-02
21.8          	4.121794e-02
21.85         	4.125994e-02
21.9          	4.130186e-02
21.95         	4.134168e-02
22            	4.137736e-02
22.05         	4.140713e-02
22.1          	4.142881e-02
22.15         	4.144000e-02
22.2          	4.143887e-02
22.25         	4.142452e-02
22.3          	4.139870e-02
22.35         	4.136375e-02
22.4          	4.132004e-02
22.45         	4.126899e-02
22.5          	4.121399e-02
22.55         	4.115672e-02
22.6          	4.109965e-02
22.65         	4.104363e-02
22.7          	4.098987e-02
22.75         	4.094159e-02
22.8          	4.089936e-02
22.85         	4.086282e-02
22.9          	4.083169e-02
22.95         	4.080542e-02
23            	4.078383e-02
23.05         	4.076677e-02
23.1          	4.075370e-02
23.15         	4.074526e-02
23.2          	4.074157e-02
23.25         	4.074155e-02
23.3          	4.074475e-02
23.35         	4.075084e-02
23.4          	4.075941e-02
23.45         	4.077031e-02
23.5          	4.078360e-02
23.55         	4.079965e-02
23.6          	4.081920e-02
23.65         	4.084198e-02
23.7          	4.086776e-02
23.75         	4.089662e-02
23.8          	4.092939e-02
23.85         	4.096859e-02
23.9          	4.101062e-02
23.95         	4.105582e-02
24            	4.110188e-02
24.05         	4.114597e-02
24.1          	4.118575e-02
24.15         	4.121980e-02
24.2          	4.124699e-02
24.25         	4.126712e-02
24.3          	4.128034e-02
24.35         	4.128655e-02
24.4          	4.128664e-02
24.45         	4.128118e-02
24.5          	4.127048e-02
24.55         	4.125489e-02
24.6          	4.123446e-02
24.65         	4.120913e-02
24.7          	4.117878e-02
24.75         	4.114362e-02
24.8          	4.110478e-02
24.85         	4.106426e-02
24.9          	4.102328e-02
24.95         	4.098240e-02
25            	4.094205e-02
25.05         	4.090287e-02
25.1          	4.086573e-02
25.15         	4.083159e-02
25.2          	4.080162e-02
25.25         	4.077667e-02
25.3          	4.075765e-02
25.35         	4.074512e-02
25.4          	4.073827e-02
25.45         	4.073601e-02
25.5          	4.073735e-02
25.55         	4.074099e-02
25.6          	4.074576e-02
25.65         	4.075056e-02
25.7          	4.075459e-02
25.75         	4.075732e-02
25.8          	4.075827e-02
25.85         	4.075696e-02
25.9          	4.075280e-02
25.95         	4.074523e-02
26            	4.073410e-02
26.05         	4.071993e-02
26.1          	4.070354e-02
26.15         	4.068554e-02
26.2          	4.066630e-02
26.25         	4.064604e-02
26.3          	4.062477e-02
26.35         	4.060245e-02
26.4          	4.057916e-02
26.45         	4.055540e-02
26.5          	4.053237e-02
26.55         	4.051150e-02
26.6          	4.049409e-02
26.65         	4.048123e-02
26.7          	4.047407e-02
26.75         	4.047380e-02
26.8          	4.048126e-02
26.85         	4.049676e-02
26.9          	4.051952e-02
26.95         	4.054786e-02
27            	4.057997e-02
27.05         	4.061416e-02
27.1          	4.064888e-02
27.15         	4.068273e-02
27.2          	4.071452e-02
27.25         	4.074358e-02
27.3          	4.077005e-02
27.35         	4.079473e-02
27.4          	4.081870e-02
27.45         	4.084327e-02
27.5          	4.086985e-02
27.55         	4.089956e-02
27.6          	4.093286e-02
27.65         	4.096965e-02
27.7          	4.100918e-02
27.75         	4.105003e-02
27.8          	4.109030e-02
27.85         	4.112778e-02
27.9          	4.116025e-02
27.95         	4.118575e-02
28            	4.120221e-02
28.05         	4.120697e-02
28.1          	4.119701e-02
28.15         	4.117098e-02
28.2          	4.113005e-02
28.25         	4.107768e-02
28.3          	4.101789e-02
28.35         	4.095567e-02
28.4          	4.089575e-02
28.45         	4.084065e-02
28.5          	4.079243e-02
28.55         	4.075334e-02
28.6          	4.072550e-02
28.65         	4.070906e-02
28.7          	4.070274e-02
28.75         	4.070192e-02
28.8          	4.070402e-02
28.85         	4.070692e-02
28.9          	4.070721e-02
28.95         	4.070101e-02
29            	4.068647e-02
29.05         	4.066477e-02
29.1          	4.063821e-02
29.15         	4.061188e-02
29.2          	4.059157e-02
29.25         	4.057953e-02
29.3          	4.057483e-02
29.35         	4.057520e-02
29.4          	4.057827e-02
29.45         	4.058218e-02
29.5          	4.058589e-02
29.55         	4.058894e-02
29.6          	4.059170e-02
29.65         	4.059452e-02
29.7          	4.059783e-02
29.75         	4.060203e-02
29.8          	4.060578e-02
29.85         	4.060809e-02
29.9          	4.060586e-02
29.95         	4.059448e-02
30            	4.056920e-02
30.05         	4.052705e-02
30.1          	4.046834e-02
30.15         	4.040074e-02
30.2          	4.033711e-02
30.25         	4.028550e-02
30.3          	4.024572e-02
30.35         	4.021405e-02
30.4          	4.018742e-02
30.45         	4.016398e-02
30.5          	4.014267e-02
30.55         	4.012405e-02
30.6          	4.010954e-02
30.65         	4.010059e-02
30.7          	4.009750e-02
30.75         	4.010008e-02
30.8          	4.010926e-02
30.85         	4.012611e-02
30.9          	4.014952e-02
30.95         	4.017831e-02
31            	4.021094e-02
31.05         	4.024561e-02
31.1          	4.028098e-02
31.15         	4.031491e-02
31.2          	4.034612e-02
31.25         	4.037529e-02
31.3          	4.040404e-02
31.35         	4.043279e-02
31.4          	4.046314e-02
31.45         	4.049563e-02
31.5          	4.052878e-02
31.55         	4.056123e-02
31.6          	4.059222e-02
31.65         	4.062179e-02
31.7          	4.064993e-02
31.75         	4.067696e-02
31.8          	4.070277e-02
31.85         	4.072792e-02
31.9          	4.075275e-02
31.95         	4.077842e-02
32            	4.080674e-02
32.05         	4.083959e-02
32.1          	4.087871e-02
32.15         	4.092531e-02
32.2          	4.097932e-02
32.25         	4.103996e-02
32.3          	4.110584e-02
32.35         	4.117556e-02
32.4          	4.124789e-02
32.45         	4.132161e-02
32.5          	4.139541e-02
32.55         	4.146804e-02
32.6          	4.153824e-02
32.65         	4.160490e-02
32.7          	4.166691e-02
32.75         	4.172294e-02
32.8          	4.177180e-02
32.85         	4.181238e-02
32.9          	4.184392e-02
32.95         	4.186600e-02
33            	4.187833e-02
33.05         	4.188094e-02
33.1          	4.187398e-02
33.15         	4.185782e-02
33.2          	4.183298e-02
33.25         	4.180024e-02
33.3          	4.176065e-02
33.35         	4.171541e-02
33.4          	4.166561e-02
33.45         	4.161225e-02
33.5          	4.155677e-02
33.55         	4.150092e-02
33.6          	4.144637e-02
33.65         	4.139443e-02
33.7          	4.134613e-02
33.75         	4.130241e-02
33.8          	4.126378e-02
33.85         	4.123024e-02
33.9          	4.120115e-02
33.95         	4.117529e-02
34            	4.115113e-02
34.05         	4.112696e-02
34.1          	4.110135e-02
34.15         	4.107288e-02
34.2          	4.104060e-02
34.25         	4.100386e-02
34.3          	4.096303e-02
34.35         	4.091900e-02
34.4          	4.087262e-02
34.45         	4.082488e-02
34.5          	4.077684e-02
34.55         	4.072945e-02
34.6          	4.068349e-02
34.65         	4.064027e-02
34.7          	4.060150e-02
34.75         	4.056842e-02
34.8          	4.054216e-02
34.85         	4.052345e-02
34.9          	4.051212e-02
34.95         	4.050706e-02
35            	4.050654e-02
35.05         	4.050850e-02
35.1          	4.051023e-02
35.15         	4.050885e-02
35.2          	4.050115e-02
35.25         	4.048516e-02
35.3          	4.045983e-02
35.35         	4.042506e-02
35.4          	4.038095e-02
35.45         	4.032828e-02
35.5          	4.026834e-02
35.55         	4.020326e-02
35.6          	4.013564e-02
35.65         	4.006756e-02
35.7          	4.000119e-02
35.75         	3.993852e-02
35.8          	3.988083e-02
35.85         	3.982823e-02
35.9          	3.978051e-02
35.95         	3.973703e-02
36            	3.969572e-02
36.05         	3.965389e-02
36.1          	3.961041e-02
36.15         	3.956677e-02
36.2          	3.952697e-02
36.25         	3.949579e-02
36.3          	3.947805e-02
36.35         	3.947517e-02
36.4          	3.948460e-02
36.45         	3.950325e-02
36.5          	3.952977e-02
36.55         	3.956413e-02
36.6          	3.960684e-02
36.65         	3.965793e-02
36.7          	3.971707e-02
36.75         	3.978415e-02
36.8          	3.985779e-02
36.85         	3.993545e-02
36.9          	4.001457e-02
36.95         	4.009432e-02
37            	4.017233e-02
37.05         	4.024659e-02
37.1          	4.031582e-02
37.15         	4.037897e-02
37.2          	4.043524e-02
37.25         	4.048453e-02
37.3          	4.052730e-02
37.35         	4.056434e-02
37.4          	4.059666e-02
37.45         	4.062520e-02
37.5          	4.065075e-02
37.55         	4.067356e-02
37.6          	4.069331e-02
37.65         	4.070929e-02
37.7          	4.072015e-02
37.75         	4.072436e-02
37.8          	4.072044e-02
37.85         	4.070714e-02
37.9          	4.068362e-02
37.95         	4.064919e-02
38            	4.060352e-02
38.05         	4.054720e-02
38.1          	4.048298e-02
38.15         	4.041684e-02
38.2          	4.035615e-02
38.25         	4.030706e-02
38.3          	4.027338e-02
38.35         	4.025524e-02
38.4          	4.024913e-02
38.45         	4.025156e-02
38.5          	4.025997e-02
38.55         	4.027197e-02
38.6          	4.028618e-02
38.65         	4.030204e-02
38.7          	4.031949e-02
38.75         	4.033876e-02
38.8          	4.036021e-02
38.85         	4.038451e-02
38.9          	4.041178e-02
38.95         	4.044153e-02
39            	4.047272e-02
39.05         	4.050384e-02
39.1          	4.053347e-02
39.15         	4.056027e-02
39.2          	4.058294e-02
39.25         	4.060015e-02
39.3          	4.061037e-02
39.35         	4.061234e-02
39.4          	4.060494e-02
39.45         	4.058751e-02
39.5          	4.055996e-02
39.55         	4.052383e-02
39.6          	4.048246e-02
39.65         	4.044006e-02
39.7          	4.040039e-02
39.75         	4.036597e-02
39.8          	4.033825e-02
39.85         	4.031789e-02
39.9          	4.030519e-02
39.95         	4.029969e-02
40            	4.030010e-02
40.05         	4.030455e-02
40.1          	4.031080e-02
40.15         	4.031620e-02
40.2          	4.031865e-02
40.25         	4.031740e-02
40.3          	4.031291e-02
40.35         	4.030654e-02
40.4          	4.029894e-02
40.45         	4.029041e-02
40.5          	4.028172e-02
40.55         	4.027444e-02
40.6          	4.026969e-02
40.65         	4.026857e-02
40.7          	4.027219e-02
40.75         	4.028124e-02
40.8          	4.029569e-02
40.85         	4.031516e-02
40.9          	4.033825e-02
40.95         	4.036360e-02
41            	4.039026e-02
41.05         	4.041709e-02
41.1          	4.044285e-02
41.15         	4.046668e-02
41.2          	4.048809e-02
41.25         	4.050677e-02
41.3          	4.052277e-02
41.35         	4.053637e-02
41.4          	4.054792e-02
41.45         	4.055794e-02
41.5          	4.056655e-02
41.55         	4.057314e-02
41.6          	4.057665e-02
41.65         	4.057568e-02
41.7          	4.056917e-02
41.75         	4.055701e-02
41.8          	4.053955e-02
41.85         	4.051784e-02
41.9          	4.049403e-02
41.95         	4.047142e-02
42            	4.045277e-02
42.05         	4.044008e-02
42.1          	4.043379e-02
42.15         	4.043254e-02
42.2          	4.043586e-02
42.25         	4.044409e-02
42.3          	4.045732e-02
42.35         	4.047624e-02
42.4          	4.050060e-02
42.45         	4.052961e-02
42.5          	4.056281e-02
42.55         	4.059928e-02
42.6          	4.063743e-02
42.65         	4.067669e-02
42.7          	4.071635e-02
42.75         	4.075520e-02
42.8          	4.079172e-02
42.85         	4.082502e-02
42.9          	4.085428e-02
42.95         	4.087810e-02
43            	4.089618e-02
43.05         	4.091087e-02
43.1          	4.092681e-02
43.15         	4.094831e-02
43.2          	4.097535e-02
43.25         	4.100510e-02
43.3          	4.103491e-02
43.35         	4.106266e-02
43.4          	4.108628e-02
43.45         	4.110453e-02
43.5          	4.111683e-02
43.55         	4.112330e-02
43.6          	4.112459e-02
43.65         	4.112145e-02
43.7          	4.111494e-02
43.75         	4.110661e-02
43.8          	4.109857e-02
43.85         	4.109403e-02
43.9          	4.109610e-02
43.95         	4.110693e-02
44            	4.112714e-02
44.05         	4.115572e-02
44.1          	4.119080e-02
44.15         	4.123057e-02
44.2          	4.127305e-02
44.25         	4.131619e-02
44.3          	4.135838e-02
44.35         	4.139824e-02
44.4          	4.143474e-02
44.45         	4.146703e-02
44.5          	4.149439e-02
44.55         	4.151624e-02
44.6          	4.153263e-02
44.65         	4.154400e-02
44.7          	4.155151e-02
44.75         	4.155647e-02
44.8          	4.155968e-02
44.85         	4.156168e-02
44.9          	4.156333e-02
44.95         	4.156594e-02
45            	4.157034e-02
45.05         	4.157556e-02
45.1          	4.158132e-02
45.15         	4.158649e-02
45.2          	4.158926e-02
45.25         	4.158950e-02
45.3          	4.158800e-02
45.35         	4.158621e-02
45.4          	4.158347e-02
45.45         	4.158006e-02
45.5          	4.157570e-02
45.55         	4.156928e-02
45.6          	4.155947e-02
45.65         	4.154487e-02
45.7          	4.152407e-02
45.75         	4.149574e-02
45.8          	4.146001e-02
45.85         	4.141932e-02
45.9          	4.137551e-02
45.95         	4.132914e-02
46            	4.128092e-02
46.05         	4.123008e-02
46.1          	4.117492e-02
46.15         	4.111464e-02
46.2          	4.105277e-02
46.25         	4.099544e-02
46.3          	4.094581e-02
46.35         	4.090127e-02
46.4          	4.085636e-02
46.45         	4.080668e-02
46.5          	4.074842e-02
46.55         	4.067896e-02
46.6          	4.059836e-02
46.65         	4.051035e-02
46.7          	4.042095e-02
46.75         	4.033724e-02
46.8          	4.026445e-02
46.85         	4.020358e-02
46.9          	4.015308e-02
46.95         	4.011175e-02
47            	4.007906e-02
47.05         	4.005489e-02
47.1          	4.003866e-02
47.15         	4.002935e-02
47.2          	4.002603e-02
47.25         	4.002786e-02
47.3          	4.003362e-02
47.35         	4.004254e-02
47.4          	4.005378e-02
47.45         	4.006695e-02
47.5          	4.008192e-02
47.55         	4.009879e-02
47.6          	4.011762e-02
47.65         	4.013793e-02
47.7          	4.015870e-02
47.75         	4.017913e-02
47.8          	4.019829e-02
47.85         	4.021547e-02
47.9          	4.022948e-02
47.95         	4.023905e-02
48            	4.024305e-02
48.05         	4.024138e-02
48.1          	4.023536e-02
48.15         	4.022779e-02
48.2          	4.022244e-02
48.25         	4.022185e-02
48.3          	4.022679e-02
48.35         	4.023674e-02
48.4          	4.025082e-02
48.45         	4.026742e-02
48.5          	4.028473e-02
48.55         	4.030141e-02
48.6          	4.031684e-02
48.65         	4.033065e-02
48.7          	4.034392e-02
48.75         	4.035696e-02
48.8          	4.036912e-02
48.85         	4.038023e-02
48.9          	4.038907e-02
48.95         	4.039557e-02
49            	4.040136e-02
49.05         	4.040721e-02
49.1          	4.041177e-02
49.15         	4.041454e-02
49.2          	4.041557e-02
49.25         	4.041478e-02
49.3          	4.041293e-02
49.35         	4.041039e-02
49.4          	4.040721e-02
49.45         	4.040419e-02
49.5          	4.040138e-02
49.55         	4.039911e-02
49.6          	4.039779e-02
49.65         	4.039816e-02
49.7          	4.040047e-02
49.75         	4.040474e-02
49.8          	4.041078e-02
49.85         	4.041856e-02
49.9          	4.042831e-02
49.95         	4.044092e-02
50            	4.045769e-02
50.05         	4.048010e-02
50.1          	4.050940e-02
50.15         	4.054613e-02
50.2          	4.059007e-02
50.25         	4.064060e-02
50.3          	4.069649e-02
50.35         	4.075628e-02
50.4          	4.081828e-02
50.45         	4.088096e-02
50.5          	4.094295e-02
50.55         	4.100296e-02
50.6          	4.105982e-02
50.65         	4.111270e-02
50.7          	4.116124e-02
50.75         	4.120546e-02
50.8          	4.124581e-02
50.85         	4.128341e-02
50.9          	4.131966e-02
50.95         	4.135568e-02
51            	4.139069e-02
51.05         	4.142180e-02
51.1          	4.144527e-02
51.15         	4.145725e-02
51.2          	4.145498e-02
51.25         	4.143861e-02
51.3          	4.141249e-02
51.35         	4.138410e-02
51.4          	4.136136e-02
51.45         	4.135103e-02
51.5          	4.135744e-02
51.55         	4.138165e-02
51.6          	4.142137e-02
51.65         	4.147168e-02
51.7          	4.152735e-02
51.75         	4.158366e-02
51.8          	4.163707e-02
51.85         	4.168538e-02
51.9          	4.172811e-02
51.95         	4.176592e-02
52            	4.179969e-02
52.05         	4.183047e-02
52.1          	4.185940e-02
52.15         	4.188717e-02
52.2          	4.191398e-02
52.25         	4.193996e-02
52.3          	4.196523e-02
52.35         	4.198960e-02
52.4          	4.201276e-02
52.45         	4.203478e-02
52.5          	4.205585e-02
52.55         	4.207614e-02
52.6          	4.209548e-02
52.65         	4.211337e-02
52.7          	4.212897e-02
52.75         	4.214120e-02
52.8          	4.214898e-02
52.85         	4.215133e-02
52.9          	4.214764e-02
52.95         	4.213744e-02
53            	4.212090e-02
53.05         	4.209820e-02
53.1          	4.206932e-02
53.15         	4.203484e-02
53.2          	4.199551e-02
53.25         	4.195179e-02
53.3          	4.190343e-02
53.35         	4.185114e-02
53.4          	4.179598e-02
53.45         	4.173859e-02
53.5          	4.167925e-02
53.55         	4.161858e-02
53.6          	4.155792e-02
53.65         	4.149932e-02
53.7          	4.144483e-02
53.75         	4.139602e-02
53.8          	4.135507e-02
53.85         	4.132366e-02
53.9          	4.130223e-02
53.95         	4.129013e-02
54            	4.128683e-02
54.05         	4.129269e-02
54.1          	4.130868e-02
54.15         	4.133514e-02
54.2          	4.137138e-02
54.25         	4.141578e-02
54.3          	4.146629e-02
54.35         	4.152052e-02
54.4          	4.157579e-02
54.45         	4.162958e-02
54.5          	4.167937e-02
54.55         	4.172277e-02
54.6          	4.175797e-02
54.65         	4.178398e-02
54.7          	4.180082e-02
54.75         	4.180918e-02
54.8          	4.181025e-02
54.85         	4.180573e-02
54.9          	4.179724e-02
54.95         	4.178615e-02
55            	4.177310e-02
55.05         	4.175807e-02
55.1          	4.174050e-02
55.15         	4.171967e-02
55.2          	4.169483e-02
55.25         	4.166529e-02
55.3          	4.163032e-02
55.35         	4.158925e-02
55.4          	4.154219e-02
55.45         	4.149023e-02
55.5          	4.143534e-02
55.55         	4.137981e-02
55.6          	4.132587e-02
55.65         	4.127502e-02
55.7          	4.122783e-02
55.75         	4.118399e-02
55.8          	4.114300e-02
55.85         	4.110479e-02
55.9          	4.106969e-02
55.95         	4.103799e-02
56            	4.100961e-02
56.05         	4.098446e-02
56.1          	4.096348e-02
56.15         	4.094765e-02
56.2          	4.093780e-02
56.25         	4.093429e-02
56.3          	4.093717e-02
56.35         	4.094623e-02
56.4          	4.096114e-02
56.45         	4.098115e-02
56.5          	4.100418e-02
56.55         	4.102703e-02
56.6          	4.104620e-02
56.65         	4.105849e-02
56.7          	4.106129e-02
56.75         	4.105371e-02
56.8          	4.103745e-02
56.85         	4.101643e-02
56.9          	4.099608e-02
56.95         	4.098138e-02
57            	4.097548e-02
57.05         	4.097871e-02
57.1          	4.098799e-02
57.15         	4.099903e-02
57.2          	4.100969e-02
57.25         	4.102000e-02
57.3          	4.103084e-02
57.35         	4.104286e-02
57.4          	4.105634e-02
57.45         	4.107131e-02
57.5          	4.108808e-02
57.55         	4.110663e-02
57.6          	4.112618e-02
57.65         	4.114583e-02
57.7          	4.116513e-02
57.75         	4.118406e-02
57.8          	4.120326e-02
57.85         	4.122331e-02
57.9          	4.124434e-02
57.95         	4.126613e-02
58            	4.128873e-02
58.05         	4.131208e-02
58.1          	4.133572e-02
58.15         	4.135930e-02
58.2          	4.138242e-02
58.25         	4.140427e-02
58.3          	4.142350e-02
58.35         	4.143878e-02
58.4          	4.144881e-02
58.45         	4.145229e-02
58.5          	4.144821e-02
58.55         	4.143611e-02
58.6          	4.141629e-02
58.65         	4.138902e-02
58.7          	4.135411e-02
58.75         	4.131158e-02
58.8          	4.126187e-02
58.85         	4.120616e-02
58.9          	4.114473e-02
58.95         	4.108018e-02
59            	4.101415e-02
59.05         	4.094805e-02
59.1          	4.088570e-02
59.15         	4.082584e-02
59.2          	4.077108e-02
59.25         	4.072164e-02
59.3          	4.067640e-02
59.35         	4.063329e-02
59.4          	4.059037e-02
59.45         	4.054635e-02
59.5          	4.050090e-02
59.55         	4.045559e-02
59.6          	4.041205e-02
59.65         	4.037191e-02
59.7          	4.033675e-02
59.75         	4.030837e-02
59.8          	4.028827e-02
59.85         	4.027805e-02
59.9          	4.027866e-02
59.95         	4.029095e-02
60            	4.031506e-02
60.05         	4.035025e-02
60.1          	4.039475e-02
60.15         	4.044575e-02
60.2          	4.049993e-02
60.25         	4.055425e-02
60.3          	4.060682e-02
60.35         	4.065734e-02
60.4          	4.070699e-02
60.45         	4.075781e-02
60.5          	4.081132e-02
60.55         	4.086841e-02
60.6          	4.092921e-02
60.65         	4.099315e-02
60.7          	4.105945e-02
60.75         	4.112590e-02
60.8          	4.118941e-02
60.85         	4.124714e-02
60.9          	4.129565e-02
60.95         	4.133321e-02
61            	4.136072e-02
61.05         	4.138106e-02
61.1          	4.139696e-02
61.15         	4.141029e-02
61.2          	4.142274e-02
61.25         	4.143456e-02
61.3          	4.144539e-02
61.35         	4.145395e-02
61.4          	4.145799e-02
61.45         	4.145496e-02
61.5          	4.144235e-02
61.55         	4.141761e-02
61.6          	4.137851e-02
61.65         	4.132432e-02
61.7          	4.125669e-02
61.75         	4.117952e-02
61.8          	4.109940e-02
61.85         	4.102412e-02
61.9          	4.095921e-02
61.95         	4.090846e-02
62            	4.087411e-02
62.05         	4.085676e-02
62.1          	4.085448e-02
62.15         	4.086440e-02
62.2          	4.088280e-02
62.25         	4.090514e-02
62.3          	4.092740e-02
62.35         	4.094680e-02
62.4          	4.096204e-02
62.45         	4.097324e-02
62.5          	4.098176e-02
62.55         	4.098940e-02
62.6          	4.099710e-02
62.65         	4.100454e-02
62.7          	4.101089e-02
62.75         	4.101567e-02
62.8          	4.101894e-02
62.85         	4.102228e-02
62.9          	4.102882e-02
62.95         	4.104099e-02
63            	4.105958e-02
63.05         	4.108339e-02
63.1          	4.111078e-02
63.15         	4.114032e-02
63.2          	4.117117e-02
63.25         	4.120326e-02
63.3          	4.123713e-02
63.35         	4.127323e-02
63.4          	4.131107e-02
63.45         	4.134845e-02
63.5          	4.138162e-02
63.55         	4.140754e-02
63.6          	4.142396e-02
63.65         	4.143059e-02
63.7          	4.142829e-02
63.75         	4.141923e-02
63.8          	4.140587e-02
63.85         	4.139101e-02
63.9          	4.137497e-02
63.95         	4.135610e-02
64            	4.133325e-02
64.05         	4.130585e-02
64.1          	4.127332e-02
64.15         	4.123577e-02
64.2          	4.119389e-02
64.25         	4.114864e-02
64.3          	4.110050e-02
64.35         	4.105062e-02
64.4          	4.099954e-02
64.45         	4.094702e-02
64.5          	4.089189e-02
64.55         	4.083255e-02
64.6          	4.077022e-02
64.65         	4.071178e-02
64.7          	4.066900e-02
64.75         	4.064642e-02
64.8          	4.064082e-02
64.85         	4.064901e-02
64.9          	4.066732e-02
64.95         	4.069290e-02
65            	4.072384e-02
65.05         	4.075864e-02
65.1          	4.079584e-02
65.15         	4.083410e-02
65.2          	4.087162e-02
65.25         	4.090575e-02
65.3          	4.093364e-02
65.35         	4.095260e-02
65.4          	4.096066e-02
65.45         	4.095658e-02
65.5          	4.094003e-02
65.55         	4.091254e-02
65.6          	4.087811e-02
65.65         	4.084292e-02
65.7          	4.081439e-02
65.75         	4.080045e-02
65.8          	4.080402e-02
65.85         	4.082205e-02
65.9          	4.084977e-02
65.95         	4.088283e-02
66            	4.091775e-02
66.05         	4.095214e-02
66.1          	4.098456e-02
66.15         	4.101407e-02
66.2          	4.104008e-02
66.25         	4.106216e-02
66.3          	4.108020e-02
66.35         	4.109433e-02
66.4          	4.110480e-02
66.45         	4.111209e-02
66.5          	4.111653e-02
66.55         	4.111815e-02
66.6          	4.111679e-02
66.65         	4.111233e-02
66.7          	4.110506e-02
66.75         	4.109559e-02
66.8          	4.108473e-02
66.85         	4.107394e-02
66.9          	4.106417e-02
66.95         	4.105585e-02
67            	4.104979e-02
67.05         	4.104777e-02
67.1          	4.105108e-02
67.15         	4.106137e-02
67.2          	4.108125e-02
67.25         	4.111151e-02
67.3          	4.115230e-02
67.35         	4.120274e-02
67.4          	4.125994e-02
67.45         	4.132025e-02
67.5          	4.138047e-02
67.55         	4.143845e-02
67.6          	4.149267e-02
67.65         	4.154096e-02
67.7          	4.158142e-02
67.75         	4.161196e-02
67.8          	4.163139e-02
67.85         	4.163831e-02
67.9          	4.163138e-02
67.95         	4.160969e-02
68            	4.157291e-02
68.05         	4.152168e-02
68.1          	4.145761e-02
68.15         	4.138345e-02
68.2          	4.130308e-02
68.25         	4.122085e-02
68.3          	4.114170e-02
68.35         	4.106823e-02
68.4          	4.100208e-02
68.45         	4.094443e-02
68.5          	4.089555e-02
68.55         	4.085693e-02
68.6          	4.083012e-02
68.65         	4.081536e-02
68.7          	4.081183e-02
68.75         	4.081724e-02
68.8          	4.082844e-02
68.85         	4.084317e-02
68.9          	4.085992e-02
68.95         	4.087755e-02
69            	4.089525e-02
69.05         	4.091280e-02
69.1          	4.093046e-02
69.15         	4.094850e-02
69.2          	4.096695e-02
69.25         	4.098544e-02
69.3          	4.100328e-02
69.35         	4.101981e-02
69.4          	4.103474e-02
69.45         	4.104834e-02
69.5          	4.106091e-02
69.55         	4.107294e-02
69.6          	4.108490e-02
69.65         	4.109655e-02
69.7          	4.110751e-02
69.75         	4.111712e-02
69.8          	4.112477e-02
69.85         	4.113017e-02
69.9          	4.113335e-02
69.95         	4.113312e-02
70            	4.112948e-02
70.05         	4.112194e-02
70.1          	4.110900e-02
70.15         	4.108853e-02
70.2          	4.105871e-02
70.25         	4.101937e-02
70.3          	4.097281e-02
70.35         	4.092320e-02
70.4          	4.087558e-02
70.45         	4.083491e-02
70.5          	4.080490e-02
70.55         	4.078795e-02
70.6          	4.078492e-02
70.65         	4.079510e-02
70.7          	4.081696e-02
70.75         	4.084878e-02
70.8          	4.088817e-02
70.85         	4.093292e-02
70.9          	4.098101e-02
70.95         	4.103014e-02
71            	4.107757e-02
71.05         	4.112124e-02
71.1          	4.116012e-02
71.15         	4.119402e-02
71.2          	4.122331e-02
71.25         	4.124833e-02
71.3          	4.126933e-02
71.35         	4.128734e-02
71.4          	4.130329e-02
71.45         	4.131749e-02
71.5          	4.132947e-02
71.55         	4.133801e-02
71.6          	4.134183e-02
71.65         	4.134076e-02
71.7          	4.133518e-02
71.75         	4.132586e-02
71.8          	4.131383e-02
71.85         	4.129960e-02
71.9          	4.128325e-02
71.95         	4.126441e-02
72            	4.124320e-02
72.05         	4.122036e-02
72.1          	4.119729e-02
72.15         	4.117507e-02
72.2          	4.115398e-02
72.25         	4.113300e-02
72.3          	4.111086e-02
72.35         	4.108734e-02
72.4          	4.106283e-02
72.45         	4.103744e-02
72.5          	4.101004e-02
72.55         	4.097911e-02
72.6          	4.094268e-02
72.65         	4.089905e-02
72.7          	4.084663e-02
72.75         	4.078359e-02
72.8          	4.070882e-02
72.85         	4.062143e-02
72.9          	4.052205e-02
72.95         	4.041608e-02
73            	4.030949e-02
73.05         	4.020694e-02
73.1          	4.011072e-02
73.15         	4.002178e-02
73.2          	3.994031e-02
73.25         	3.986631e-02
73.3          	3.980076e-02
73.35         	3.974487e-02
73.4          	3.969981e-02
73.45         	3.966650e-02
73.5          	3.964518e-02
73.55         	3.963556e-02
73.6          	3.963755e-02
73.65         	3.965060e-02
73.7          	3.967334e-02
73.75         	3.970368e-02
73.8          	3.973923e-02
73.85         	3.977777e-02
73.9          	3.981764e-02
73.95         	3.985736e-02
74            	3.989597e-02
74.05         	3.993335e-02
74.1          	3.996963e-02
74.15         	4.000496e-02
74.2          	4.003930e-02
74.25         	4.007198e-02
74.3          	4.010190e-02
74.35         	4.012734e-02
74.4          	4.014656e-02
74.45         	4.015871e-02
74.5          	4.016310e-02
74.55         	4.016007e-02
74.6          	4.014957e-02
74.65         	4.013110e-02
74.7          	4.010638e-02
74.75         	4.007994e-02
74.8          	4.005873e-02
74.85         	4.004843e-02
74.9          	4.005108e-02
74.95         	4.006533e-02
75            	4.008897e-02
75.05         	4.012039e-02
75.1          	4.015717e-02
75.15         	4.019636e-02
75.2          	4.023517e-02
75.25         	4.027166e-02
75.3          	4.030489e-02
75.35         	4.033356e-02
75.4          	4.035759e-02
75.45         	4.037755e-02
75.5          	4.039430e-02
75.55         	4.040856e-02
75.6          	4.042040e-02
75.65         	4.043006e-02
75.7          	4.043793e-02
75.75         	4.044472e-02
75.8          	4.045157e-02
75.85         	4.045963e-02
75.9          	4.046951e-02
75.95         	4.048131e-02
76            	4.049485e-02
76.05         	4.051045e-02
76.1          	4.052893e-02
76.15         	4.055153e-02
76.2          	4.058027e-02
76.25         	4.061736e-02
76.3          	4.066444e-02
76.35         	4.072232e-02
76.4          	4.079095e-02
76.45         	4.086929e-02
76.5          	4.095573e-02
76.55         	4.104843e-02
76.6          	4.114571e-02
76.65         	4.124563e-02
76.7          	4.134585e-02
76.75         	4.144375e-02
76.8          	4.153649e-02
76.85         	4.162106e-02
76.9          	4.169457e-02
76.95         	4.175517e-02
77            	4.180223e-02
77.05         	4.183622e-02
77.1          	4.185888e-02
77.15         	4.187194e-02
77.2          	4.187713e-02
77.25         	4.187560e-02
77.3          	4.186748e-02
77.35         	4.185198e-02
77.4          	4.182831e-02
77.45         	4.179556e-02
77.5          	4.175274e-02
77.55         	4.169992e-02
77.6          	4.163880e-02
77.65         	4.157234e-02
77.7          	4.150341e-02
77.75         	4.143368e-02
77.8          	4.136395e-02
77.85         	4.129437e-02
77.9          	4.122458e-02
77.95         	4.115432e-02
78            	4.108334e-02
78.05         	4.101158e-02
78.1          	4.093906e-02
78.15         	4.086629e-02
78.2          	4.079374e-02
78.25         	4.072187e-02
78.3          	4.065143e-02
78.35         	4.058364e-02
78.4          	4.051931e-02
78.45         	4.045857e-02
78.5          	4.040153e-02
78.55         	4.034856e-02
78.6          	4.030075e-02
78.65         	4.025964e-02
78.7          	4.022684e-02
78.75         	4.020305e-02
78.8          	4.018801e-02
78.85         	4.018073e-02
78.9          	4.017979e-02
78.95         	4.018375e-02
79            	4.019123e-02
79.05         	4.020092e-02
79.1          	4.021204e-02
79.15         	4.022445e-02
79.2          	4.023816e-02
79.25         	4.025339e-02
79.3          	4.027031e-02
79.35         	4.028879e-02
79.4          	4.030855e-02
79.45         	4.032876e-02
79.5          	4.034827e-02
79.55         	4.036567e-02
79.6          	4.037915e-02
79.65         	4.038698e-02
79.7          	4.038783e-02
79.75         	4.038128e-02
79.8          	4.036792e-02
79.85         	4.034953e-02
79.9          	4.032802e-02
79.95         	4.030516e-02
80            	4.028355e-02
80.05         	4.026517e-02
80.1          	4.025062e-02
80.15         	4.024019e-02
80.2          	4.023367e-02
80.25         	4.022978e-02
80.3          	4.022862e-02
80.35         	4.022972e-02
80.4          	4.023179e-02
80.45         	4.023488e-02
80.5          	4.023885e-02
80.55         	4.024328e-02
80.6          	4.024818e-02
80.65         	4.025388e-02
80.7          	4.026032e-02
80.75         	4.026724e-02
80.8          	4.027484e-02
80.85         	4.028359e-02
80.9          	4.029386e-02
80.95         	4.030603e-02
81            	4.032033e-02
81.05         	4.033699e-02
81.1          	4.035619e-02
81.15         	4.037797e-02
81.2          	4.040153e-02
81.25         	4.042491e-02
81.3          	4.044516e-02
81.35         	4.045827e-02
81.4          	4.045833e-02
81.45         	4.043807e-02
81.5          	4.039224e-02
81.55         	4.032357e-02
81.6          	4.024599e-02
81.65         	4.017892e-02
81.7          	4.013009e-02
81.75         	4.009811e-02
81.8          	4.007949e-02
81.85         	4.007097e-02
81.9          	4.007122e-02
81.95         	4.007607e-02
82            	4.008003e-02
82.05         	4.008263e-02
82.1          	4.008609e-02
82.15         	4.009325e-02
82.2          	4.010615e-02
82.25         	4.012672e-02
82.3          	4.015562e-02
82.35         	4.019128e-02
82.4          	4.023131e-02
82.45         	4.027286e-02
82.5          	4.031359e-02
82.55         	4.035219e-02
82.6          	4.038755e-02
82.65         	4.041972e-02
82.7          	4.044918e-02
82.75         	4.047643e-02
82.8          	4.050181e-02
82.85         	4.052609e-02
82.9          	4.054905e-02
82.95         	4.057017e-02
83            	4.058836e-02
83.05         	4.060184e-02
83.1          	4.060954e-02
83.15         	4.061082e-02
83.2          	4.060588e-02
83.25         	4.059548e-02
83.3          	4.058050e-02
83.35         	4.056147e-02
83.4          	4.053853e-02
83.45         	4.051168e-02
83.5          	4.048126e-02
83.55         	4.044811e-02
83.6          	4.041415e-02
83.65         	4.038280e-02
83.7          	4.035843e-02
83.75         	4.034505e-02
83.8          	4.034381e-02
83.85         	4.035344e-02
83.9          	4.037155e-02
83.95         	4.039557e-02
84            	4.042302e-02
84.05         	4.045154e-02
84.1          	4.047952e-02
84.15         	4.050536e-02
84.2          	4.052723e-02
84.25         	4.054357e-02
84.3          	4.055296e-02
84.35         	4.055398e-02
84.4          	4.054543e-02
84.45         	4.052698e-02
84.5          	4.049986e-02
84.55         	4.046742e-02
84.6          	4.043458e-02
84.65         	4.040568e-02
84.7          	4.038338e-02
84.75         	4.036864e-02
84.8          	4.036152e-02
84.85         	4.036188e-02
84.9          	4.036964e-02
84.95         	4.038462e-02
85            	4.040604e-02
85.05         	4.043224e-02
85.1          	4.046147e-02
85.15         	4.049175e-02
85.2          	4.052081e-02
85.25         	4.054691e-02
85.3          	4.056839e-02
85.35         	4.058343e-02
85.4          	4.059033e-02
85.45         	4.058812e-02
85.5          	4.057675e-02
85.55         	4.055751e-02
85.6          	4.053147e-02
85.65         	4.050007e-02
85.7          	4.046515e-02
85.75         	4.042874e-02
85.8          	4.039250e-02
85.85         	4.035884e-02
85.9          	4.033052e-02
85.95         	4.031156e-02
86            	4.030440e-02
86.05         	4.030914e-02
86.1          	4.032408e-02
86.15         	4.034668e-02
86.2          	4.037593e-02
86.25         	4.041110e-02
86.3          	4.044924e-02
86.35         	4.048751e-02
86.4          	4.052306e-02
86.45         	4.055330e-02
86.5          	4.057628e-02
86.55         	4.059178e-02
86.6          	4.060092e-02
86.65         	4.060570e-02
86.7          	4.060827e-02
86.75         	4.061042e-02
86.8          	4.061239e-02
86.85         	4.061202e-02
86.9          	4.060515e-02
86.95         	4.058807e-02
87            	4.055862e-02
87.05         	4.051588e-02
87.1          	4.045990e-02
87.15         	4.039302e-02
87.2          	4.032073e-02
87.25         	4.025144e-02
87.3          	4.019229e-02
87.35         	4.014628e-02
87.4          	4.011281e-02
87.45         	4.009092e-02
87.5          	4.008099e-02
87.55         	4.008374e-02
87.6          	4.009890e-02
87.65         	4.012508e-02
87.7          	4.016065e-02
87.75         	4.020404e-02
87.8          	4.025329e-02
87.85         	4.030582e-02
87.9          	4.035896e-02
87.95         	4.040984e-02
88            	4.045595e-02
88.05         	4.049506e-02
88.1          	4.052509e-02
88.15         	4.054504e-02
88.2          	4.055411e-02
88.25         	4.055174e-02
88.3          	4.053964e-02
88.35         	4.051934e-02
88.4          	4.048973e-02
88.45         	4.045473e-02
88.5          	4.041792e-02
88.55         	4.038390e-02
88.6          	4.035443e-02
88.65         	4.032971e-02
88.7          	4.030928e-02
88.75         	4.029209e-02
88.8          	4.027682e-02
88.85         	4.026278e-02
88.9          	4.024874e-02
88.95         	4.023325e-02
89            	4.021595e-02
89.05         	4.019627e-02
89.1          	4.017328e-02
89.15         	4.014861e-02
89.2          	4.012248e-02
89.25         	4.009241e-02
89.3          	4.005717e-02
89.35         	4.001633e-02
89.4          	3.997065e-02
89.45         	3.992290e-02
89.5          	3.987618e-02
89.55         	3.983346e-02
89.6          	3.979746e-02
89.65         	3.977103e-02
89.7          	3.975614e-02
89.75         	3.975275e-02
89.8          	3.975852e-02
89.85         	3.977054e-02
89.9          	3.978649e-02
89.95         	3.980483e-02
90            	3.982550e-02
