# Region      : all 
# Cells       : 16000
# Volume      : 2.000000e-03
# Time        	volAverage(alpha.air)
0             	0.000000e+00
0.05          	5.243648e-04
0.1           	1.024365e-03
0.15          	1.524365e-03
0.2           	2.024365e-03
0.25          	2.524365e-03
0.3           	3.024365e-03
0.35          	3.524376e-03
0.4           	4.024376e-03
0.45          	4.524376e-03
0.5           	5.024376e-03
0.55          	5.524376e-03
0.6           	6.024389e-03
0.65          	6.524389e-03
0.7           	7.024389e-03
0.75          	7.524395e-03
0.8           	8.024395e-03
0.85          	8.524416e-03
0.9           	9.024416e-03
0.95          	9.524424e-03
1             	1.002442e-02
1.05          	1.052444e-02
1.1           	1.102446e-02
1.15          	1.152446e-02
1.2           	1.202446e-02
1.25          	1.252449e-02
1.3           	1.302449e-02
1.35          	1.352449e-02
1.4           	1.402449e-02
1.45          	1.452449e-02
1.5           	1.502450e-02
1.55          	1.552450e-02
1.6           	1.602450e-02
1.65          	1.652450e-02
1.7           	1.702450e-02
1.75          	1.752450e-02
1.8           	1.802451e-02
1.85          	1.852451e-02
1.9           	1.902451e-02
1.95          	1.952451e-02
2             	2.002452e-02
2.05          	2.052452e-02
2.1           	2.102452e-02
2.15          	2.152453e-02
2.2           	2.202453e-02
2.25          	2.252453e-02
2.3           	2.302454e-02
2.35          	2.352458e-02
2.4           	2.402461e-02
2.45          	2.452463e-02
2.5           	2.502464e-02
2.55          	2.552464e-02
2.6           	2.602464e-02
2.65          	2.652464e-02
2.7           	2.702464e-02
2.75          	2.752464e-02
2.8           	2.802464e-02
2.85          	2.852464e-02
2.9           	2.902464e-02
2.95          	2.952464e-02
3             	3.002464e-02
3.05          	3.052464e-02
3.1           	3.102464e-02
3.15          	3.152464e-02
3.2           	3.202464e-02
3.25          	3.252464e-02
3.3           	3.302464e-02
3.35          	3.352464e-02
3.4           	3.402464e-02
3.45          	3.452464e-02
3.5           	3.502464e-02
3.55          	3.552464e-02
3.6           	3.602464e-02
3.65          	3.652464e-02
3.7           	3.702464e-02
3.75          	3.752464e-02
3.8           	3.802460e-02
3.85          	3.852409e-02
3.9           	3.902100e-02
3.95          	3.951033e-02
4             	3.998408e-02
4.05          	4.043300e-02
4.1           	4.084862e-02
4.15          	4.122218e-02
4.2           	4.154630e-02
4.25          	4.181405e-02
4.3           	4.201796e-02
4.35          	4.215375e-02
4.4           	4.222723e-02
4.45          	4.225505e-02
4.5           	4.226158e-02
4.55          	4.226834e-02
4.6           	4.228197e-02
4.65          	4.229866e-02
4.7           	4.231048e-02
4.75          	4.230857e-02
4.8           	4.228474e-02
4.85          	4.223266e-02
4.9           	4.215457e-02
4.95          	4.207953e-02
5             	4.204586e-02
5.05          	4.204822e-02
5.1           	4.206459e-02
5.15          	4.208204e-02
5.2           	4.209611e-02
5.25          	4.210413e-02
5.3           	4.210374e-02
5.35          	4.209742e-02
5.4           	4.209346e-02
5.45          	4.209396e-02
5.5           	4.209261e-02
5.55          	4.208202e-02
5.6           	4.206232e-02
5.65          	4.204088e-02
5.7           	4.202320e-02
5.75          	4.200902e-02
5.8           	4.199847e-02
5.85          	4.199122e-02
5.9           	4.199002e-02
5.95          	4.199523e-02
6             	4.200164e-02
6.05          	4.200724e-02
6.1           	4.201286e-02
6.15          	4.201998e-02
6.2           	4.202911e-02
6.25          	4.203876e-02
6.3           	4.204713e-02
6.35          	4.205330e-02
6.4           	4.205689e-02
6.45          	4.205790e-02
6.5           	4.205632e-02
6.55          	4.205168e-02
6.6           	4.204291e-02
6.65          	4.202873e-02
6.7           	4.200856e-02
6.75          	4.198290e-02
6.8           	4.195327e-02
6.85          	4.192119e-02
6.9           	4.188622e-02
6.95          	4.184713e-02
7             	4.180293e-02
7.05          	4.175373e-02
7.1           	4.170052e-02
7.15          	4.164423e-02
7.2           	4.158512e-02
7.25          	4.152233e-02
7.3           	4.145463e-02
7.35          	4.138113e-02
7.4           	4.130189e-02
7.45          	4.121725e-02
7.5           	4.112581e-02
7.55          	4.102492e-02
7.6           	4.091464e-02
7.65          	4.080031e-02
7.7           	4.069436e-02
7.75          	4.061090e-02
7.8           	4.055674e-02
7.85          	4.053119e-02
7.9           	4.052595e-02
7.95          	4.053230e-02
8             	4.054678e-02
8.05          	4.056891e-02
8.1           	4.059744e-02
8.15          	4.063030e-02
8.2           	4.066577e-02
8.25          	4.070265e-02
8.3           	4.073991e-02
8.35          	4.077652e-02
8.4           	4.081141e-02
8.45          	4.084352e-02
8.5           	4.087213e-02
8.55          	4.089692e-02
8.6           	4.091794e-02
8.65          	4.093561e-02
8.7           	4.095052e-02
8.75          	4.096332e-02
8.8           	4.097436e-02
8.85          	4.098324e-02
8.9           	4.098882e-02
8.95          	4.098950e-02
9             	4.098345e-02
9.05          	4.096900e-02
9.1           	4.094555e-02
9.15          	4.091402e-02
9.2           	4.087642e-02
9.25          	4.083591e-02
9.3           	4.079653e-02
9.35          	4.076302e-02
9.4           	4.073863e-02
9.45          	4.072128e-02
9.5           	4.070901e-02
9.55          	4.070096e-02
9.6           	4.069606e-02
9.65          	4.069292e-02
9.7           	4.069082e-02
9.75          	4.068997e-02
9.8           	4.069098e-02
9.85          	4.069391e-02
9.9           	4.069820e-02
9.95          	4.070335e-02
10            	4.070914e-02
10.05         	4.071543e-02
10.1          	4.072222e-02
10.15         	4.072981e-02
10.2          	4.073864e-02
10.25         	4.074918e-02
10.3          	4.076199e-02
10.35         	4.077782e-02
10.4          	4.079751e-02
10.45         	4.082159e-02
10.5          	4.084979e-02
10.55         	4.088093e-02
10.6          	4.091341e-02
10.65         	4.094536e-02
10.7          	4.097484e-02
10.75         	4.100058e-02
10.8          	4.102219e-02
10.85         	4.104006e-02
10.9          	4.105514e-02
10.95         	4.106870e-02
11            	4.108155e-02
11.05         	4.109373e-02
11.1          	4.110504e-02
11.15         	4.111548e-02
11.2          	4.112503e-02
11.25         	4.113357e-02
11.3          	4.114100e-02
11.35         	4.114720e-02
11.4          	4.115181e-02
11.45         	4.115454e-02
11.5          	4.115555e-02
11.55         	4.115529e-02
11.6          	4.115424e-02
11.65         	4.115246e-02
11.7          	4.114955e-02
11.75         	4.114493e-02
11.8          	4.113789e-02
11.85         	4.112755e-02
11.9          	4.111284e-02
11.95         	4.109255e-02
12            	4.106535e-02
12.05         	4.103051e-02
12.1          	4.098847e-02
12.15         	4.094071e-02
12.2          	4.088911e-02
12.25         	4.083541e-02
12.3          	4.078103e-02
12.35         	4.072741e-02
12.4          	4.067588e-02
12.45         	4.062755e-02
12.5          	4.058248e-02
12.55         	4.053971e-02
12.6          	4.049851e-02
12.65         	4.045882e-02
12.7          	4.042096e-02
12.75         	4.038525e-02
12.8          	4.035194e-02
12.85         	4.032154e-02
12.9          	4.029518e-02
12.95         	4.027448e-02
13            	4.026029e-02
13.05         	4.025262e-02
13.1          	4.025089e-02
13.15         	4.025407e-02
13.2          	4.026096e-02
13.25         	4.027039e-02
13.3          	4.028129e-02
13.35         	4.029298e-02
13.4          	4.030505e-02
13.45         	4.031726e-02
13.5          	4.032958e-02
13.55         	4.034201e-02
13.6          	4.035457e-02
13.65         	4.036729e-02
13.7          	4.038014e-02
13.75         	4.039299e-02
13.8          	4.040565e-02
13.85         	4.041808e-02
13.9          	4.043046e-02
13.95         	4.044299e-02
14            	4.045612e-02
14.05         	4.047069e-02
14.1          	4.048769e-02
14.15         	4.050788e-02
14.2          	4.053164e-02
14.25         	4.055865e-02
14.3          	4.058822e-02
14.35         	4.061925e-02
14.4          	4.065047e-02
14.45         	4.068070e-02
14.5          	4.070868e-02
14.55         	4.073288e-02
14.6          	4.075220e-02
14.65         	4.076648e-02
14.7          	4.077660e-02
14.75         	4.078384e-02
14.8          	4.078924e-02
14.85         	4.079310e-02
14.9          	4.079405e-02
14.95         	4.079037e-02
15            	4.078091e-02
15.05         	4.076544e-02
15.1          	4.074453e-02
15.15         	4.071981e-02
15.2          	4.069401e-02
15.25         	4.067112e-02
15.3          	4.065557e-02
15.35         	4.065022e-02
15.4          	4.065465e-02
15.45         	4.066658e-02
15.5          	4.068346e-02
15.55         	4.070288e-02
15.6          	4.072225e-02
15.65         	4.073881e-02
15.7          	4.075041e-02
15.75         	4.075631e-02
15.8          	4.075713e-02
15.85         	4.075463e-02
15.9          	4.075118e-02
15.95         	4.074918e-02
16            	4.075046e-02
16.05         	4.075607e-02
16.1          	4.076629e-02
16.15         	4.078054e-02
16.2          	4.079761e-02
16.25         	4.081745e-02
16.3          	4.084192e-02
16.35         	4.087207e-02
16.4          	4.090604e-02
16.45         	4.094104e-02
16.5          	4.097512e-02
16.55         	4.100676e-02
16.6          	4.103437e-02
16.65         	4.105518e-02
16.7          	4.106498e-02
16.75         	4.105912e-02
16.8          	4.103489e-02
16.85         	4.099372e-02
16.9          	4.094150e-02
16.95         	4.088734e-02
17            	4.084107e-02
17.05         	4.080929e-02
17.1          	4.079361e-02
17.15         	4.079137e-02
17.2          	4.079874e-02
17.25         	4.081278e-02
17.3          	4.083196e-02
17.35         	4.085547e-02
17.4          	4.088271e-02
17.45         	4.091329e-02
17.5          	4.094663e-02
17.55         	4.098139e-02
17.6          	4.101605e-02
17.65         	4.104897e-02
17.7          	4.107863e-02
17.75         	4.110399e-02
17.8          	4.112464e-02
17.85         	4.114115e-02
17.9          	4.115485e-02
17.95         	4.116718e-02
18            	4.117920e-02
18.05         	4.119157e-02
18.1          	4.120482e-02
18.15         	4.121920e-02
18.2          	4.123450e-02
18.25         	4.125002e-02
18.3          	4.126483e-02
18.35         	4.127836e-02
18.4          	4.129072e-02
18.45         	4.130189e-02
18.5          	4.131172e-02
18.55         	4.132279e-02
18.6          	4.134018e-02
18.65         	4.136447e-02
18.7          	4.138982e-02
18.75         	4.141079e-02
18.8          	4.142446e-02
18.85         	4.143017e-02
18.9          	4.142939e-02
18.95         	4.142496e-02
19            	4.141941e-02
19.05         	4.141413e-02
19.1          	4.140969e-02
19.15         	4.140586e-02
19.2          	4.140205e-02
19.25         	4.139783e-02
19.3          	4.139302e-02
19.35         	4.138770e-02
19.4          	4.138222e-02
19.45         	4.137723e-02
19.5          	4.137266e-02
19.55         	4.136794e-02
19.6          	4.136232e-02
19.65         	4.135560e-02
19.7          	4.134784e-02
19.75         	4.133852e-02
19.8          	4.132732e-02
19.85         	4.131436e-02
19.9          	4.129997e-02
19.95         	4.128385e-02
20            	4.126559e-02
20.05         	4.124498e-02
20.1          	4.122227e-02
20.15         	4.119832e-02
20.2          	4.117395e-02
20.25         	4.115010e-02
20.3          	4.112913e-02
20.35         	4.111264e-02
20.4          	4.109958e-02
20.45         	4.108731e-02
20.5          	4.107422e-02
20.55         	4.106031e-02
20.6          	4.104612e-02
20.65         	4.103250e-02
20.7          	4.102023e-02
20.75         	4.100940e-02
20.8          	4.099981e-02
20.85         	4.099105e-02
20.9          	4.098265e-02
20.95         	4.097413e-02
21            	4.096521e-02
21.05         	4.095574e-02
21.1          	4.094538e-02
21.15         	4.093377e-02
21.2          	4.092074e-02
21.25         	4.090632e-02
21.3          	4.089060e-02
21.35         	4.087367e-02
21.4          	4.085525e-02
21.45         	4.083441e-02
21.5          	4.081023e-02
21.55         	4.078373e-02
21.6          	4.075739e-02
21.65         	4.073116e-02
21.7          	4.070470e-02
21.75         	4.067761e-02
21.8          	4.064881e-02
21.85         	4.061708e-02
21.9          	4.058175e-02
21.95         	4.054365e-02
22            	4.050466e-02
22.05         	4.046722e-02
22.1          	4.043357e-02
22.15         	4.040530e-02
22.2          	4.038305e-02
22.25         	4.036627e-02
22.3          	4.035391e-02
22.35         	4.034525e-02
22.4          	4.034046e-02
22.45         	4.033986e-02
22.5          	4.034449e-02
22.55         	4.035519e-02
22.6          	4.037207e-02
22.65         	4.039579e-02
22.7          	4.042671e-02
22.75         	4.046385e-02
22.8          	4.050488e-02
22.85         	4.054694e-02
22.9          	4.058769e-02
22.95         	4.062724e-02
23            	4.066768e-02
23.05         	4.071086e-02
23.1          	4.075607e-02
23.15         	4.080116e-02
23.2          	4.084455e-02
23.25         	4.088603e-02
23.3          	4.092639e-02
23.35         	4.096623e-02
23.4          	4.100505e-02
23.45         	4.104139e-02
23.5          	4.107357e-02
23.55         	4.109991e-02
23.6          	4.111938e-02
23.65         	4.113185e-02
23.7          	4.113718e-02
23.75         	4.113479e-02
23.8          	4.112408e-02
23.85         	4.110350e-02
23.9          	4.107084e-02
23.95         	4.102512e-02
24            	4.096914e-02
24.05         	4.090923e-02
24.1          	4.085154e-02
24.15         	4.079845e-02
24.2          	4.075132e-02
24.25         	4.071182e-02
24.3          	4.068074e-02
24.35         	4.065853e-02
24.4          	4.064492e-02
24.45         	4.063978e-02
24.5          	4.064324e-02
24.55         	4.065489e-02
24.6          	4.067238e-02
24.65         	4.069143e-02
24.7          	4.070685e-02
24.75         	4.071405e-02
24.8          	4.071336e-02
24.85         	4.071187e-02
24.9          	4.071696e-02
24.95         	4.072886e-02
25            	4.074657e-02
25.05         	4.077000e-02
25.1          	4.079811e-02
25.15         	4.082890e-02
25.2          	4.086030e-02
25.25         	4.089001e-02
25.3          	4.091562e-02
25.35         	4.093477e-02
25.4          	4.094579e-02
25.45         	4.094835e-02
25.5          	4.094300e-02
25.55         	4.093066e-02
25.6          	4.091288e-02
25.65         	4.089185e-02
25.7          	4.086979e-02
25.75         	4.084859e-02
25.8          	4.082922e-02
25.85         	4.081184e-02
25.9          	4.079629e-02
25.95         	4.078211e-02
26            	4.076866e-02
26.05         	4.075621e-02
26.1          	4.074558e-02
26.15         	4.073740e-02
26.2          	4.073236e-02
26.25         	4.073077e-02
26.3          	4.073251e-02
26.35         	4.073716e-02
26.4          	4.074420e-02
26.45         	4.075294e-02
26.5          	4.076244e-02
26.55         	4.077125e-02
26.6          	4.077770e-02
26.65         	4.078078e-02
26.7          	4.078050e-02
26.75         	4.077835e-02
26.8          	4.077692e-02
26.85         	4.077973e-02
26.9          	4.078962e-02
26.95         	4.080626e-02
27            	4.082752e-02
27.05         	4.085094e-02
27.1          	4.087499e-02
27.15         	4.089904e-02
27.2          	4.092353e-02
27.25         	4.094969e-02
27.3          	4.097905e-02
27.35         	4.101292e-02
27.4          	4.105171e-02
27.45         	4.109482e-02
27.5          	4.114073e-02
27.55         	4.118769e-02
27.6          	4.123407e-02
27.65         	4.127877e-02
27.7          	4.132124e-02
27.75         	4.136084e-02
27.8          	4.139617e-02
27.85         	4.142572e-02
27.9          	4.144854e-02
27.95         	4.146450e-02
28            	4.147358e-02
28.05         	4.147575e-02
28.1          	4.147103e-02
28.15         	4.145964e-02
28.2          	4.144231e-02
28.25         	4.142045e-02
28.3          	4.139576e-02
28.35         	4.137055e-02
28.4          	4.134691e-02
28.45         	4.132565e-02
28.5          	4.130665e-02
28.55         	4.128871e-02
28.6          	4.127040e-02
28.65         	4.125085e-02
28.7          	4.123040e-02
28.75         	4.121005e-02
28.8          	4.119004e-02
28.85         	4.116982e-02
28.9          	4.114889e-02
28.95         	4.112710e-02
29            	4.110493e-02
29.05         	4.108284e-02
29.1          	4.106063e-02
29.15         	4.103700e-02
29.2          	4.101000e-02
29.25         	4.097794e-02
29.3          	4.093986e-02
29.35         	4.089599e-02
29.4          	4.084776e-02
29.45         	4.079746e-02
29.5          	4.074855e-02
29.55         	4.070463e-02
29.6          	4.066659e-02
29.65         	4.063357e-02
29.7          	4.060538e-02
29.75         	4.058423e-02
29.8          	4.057293e-02
29.85         	4.057035e-02
29.9          	4.057246e-02
29.95         	4.057666e-02
30            	4.058147e-02
30.05         	4.058556e-02
30.1          	4.058795e-02
30.15         	4.058808e-02
30.2          	4.058576e-02
30.25         	4.058102e-02
30.3          	4.057457e-02
30.35         	4.056740e-02
30.4          	4.056053e-02
30.45         	4.055523e-02
30.5          	4.055293e-02
30.55         	4.055467e-02
30.6          	4.056030e-02
30.65         	4.056795e-02
30.7          	4.057533e-02
30.75         	4.057988e-02
30.8          	4.057986e-02
30.85         	4.057533e-02
30.9          	4.056803e-02
30.95         	4.056092e-02
31            	4.055717e-02
31.05         	4.055825e-02
31.1          	4.056415e-02
31.15         	4.057386e-02
31.2          	4.058628e-02
31.25         	4.060120e-02
31.3          	4.061791e-02
31.35         	4.063527e-02
31.4          	4.065254e-02
31.45         	4.066963e-02
31.5          	4.068589e-02
31.55         	4.070087e-02
31.6          	4.071487e-02
31.65         	4.072858e-02
31.7          	4.074312e-02
31.75         	4.075965e-02
31.8          	4.077941e-02
31.85         	4.080311e-02
31.9          	4.083123e-02
31.95         	4.086376e-02
32            	4.089987e-02
32.05         	4.093820e-02
32.1          	4.097703e-02
32.15         	4.101448e-02
32.2          	4.104877e-02
32.25         	4.107853e-02
32.3          	4.110299e-02
32.35         	4.112175e-02
32.4          	4.113489e-02
32.45         	4.114272e-02
32.5          	4.114571e-02
32.55         	4.114432e-02
32.6          	4.113842e-02
32.65         	4.112809e-02
32.7          	4.111423e-02
32.75         	4.109892e-02
32.8          	4.108402e-02
32.85         	4.107043e-02
32.9          	4.105986e-02
32.95         	4.105458e-02
33            	4.105724e-02
33.05         	4.106991e-02
33.1          	4.109166e-02
33.15         	4.111901e-02
33.2          	4.114888e-02
33.25         	4.117855e-02
33.3          	4.120540e-02
33.35         	4.122778e-02
33.4          	4.124519e-02
33.45         	4.125812e-02
33.5          	4.126843e-02
33.55         	4.127880e-02
33.6          	4.129093e-02
33.65         	4.130527e-02
33.7          	4.132225e-02
33.75         	4.134158e-02
33.8          	4.136237e-02
33.85         	4.138355e-02
33.9          	4.140408e-02
33.95         	4.142283e-02
34            	4.143816e-02
34.05         	4.144799e-02
34.1          	4.145098e-02
34.15         	4.144711e-02
34.2          	4.143748e-02
34.25         	4.142447e-02
34.3          	4.141079e-02
34.35         	4.139847e-02
34.4          	4.138906e-02
34.45         	4.138225e-02
34.5          	4.137642e-02
34.55         	4.136886e-02
34.6          	4.135577e-02
34.65         	4.133265e-02
34.7          	4.129677e-02
34.75         	4.124794e-02
34.8          	4.118814e-02
34.85         	4.111935e-02
34.9          	4.104420e-02
34.95         	4.096761e-02
35            	4.089486e-02
35.05         	4.082871e-02
35.1          	4.077046e-02
35.15         	4.072122e-02
35.2          	4.068178e-02
35.25         	4.065225e-02
35.3          	4.063248e-02
35.35         	4.062221e-02
35.4          	4.062153e-02
35.45         	4.063055e-02
35.5          	4.064819e-02
35.55         	4.067201e-02
35.6          	4.069985e-02
35.65         	4.073014e-02
35.7          	4.076159e-02
35.75         	4.079299e-02
35.8          	4.082291e-02
35.85         	4.084948e-02
35.9          	4.087048e-02
35.95         	4.088384e-02
36            	4.088853e-02
36.05         	4.088439e-02
36.1          	4.087142e-02
36.15         	4.084897e-02
36.2          	4.081614e-02
36.25         	4.077286e-02
36.3          	4.072064e-02
36.35         	4.066254e-02
36.4          	4.060092e-02
36.45         	4.053664e-02
36.5          	4.047008e-02
36.55         	4.040265e-02
36.6          	4.033735e-02
36.65         	4.027798e-02
36.7          	4.022906e-02
36.75         	4.019518e-02
36.8          	4.017856e-02
36.85         	4.017791e-02
36.9          	4.018903e-02
36.95         	4.020821e-02
37            	4.023374e-02
37.05         	4.026442e-02
37.1          	4.029980e-02
37.15         	4.033908e-02
37.2          	4.038008e-02
37.25         	4.042053e-02
37.3          	4.045889e-02
37.35         	4.049444e-02
37.4          	4.052705e-02
37.45         	4.055650e-02
37.5          	4.058218e-02
37.55         	4.060303e-02
37.6          	4.061783e-02
37.65         	4.062555e-02
37.7          	4.062580e-02
37.75         	4.061860e-02
37.8          	4.060386e-02
37.85         	4.058142e-02
37.9          	4.055099e-02
37.95         	4.051211e-02
38            	4.046413e-02
38.05         	4.040628e-02
38.1          	4.033805e-02
38.15         	4.025981e-02
38.2          	4.017329e-02
38.25         	4.008196e-02
38.3          	3.998934e-02
38.35         	3.989885e-02
38.4          	3.981317e-02
38.45         	3.973547e-02
38.5          	3.966892e-02
38.55         	3.961548e-02
38.6          	3.957726e-02
38.65         	3.955355e-02
38.7          	3.954144e-02
38.75         	3.953874e-02
38.8          	3.954401e-02
38.85         	3.955672e-02
38.9          	3.957709e-02
38.95         	3.960488e-02
39            	3.963922e-02
39.05         	3.967936e-02
39.1          	3.972489e-02
39.15         	3.977557e-02
39.2          	3.983079e-02
39.25         	3.988956e-02
39.3          	3.995064e-02
39.35         	4.001307e-02
39.4          	4.007656e-02
39.45         	4.014131e-02
39.5          	4.020779e-02
39.55         	4.027653e-02
39.6          	4.034729e-02
39.65         	4.041882e-02
39.7          	4.048978e-02
39.75         	4.055933e-02
39.8          	4.062694e-02
39.85         	4.069225e-02
39.9          	4.075495e-02
39.95         	4.081429e-02
40            	4.086882e-02
40.05         	4.091711e-02
40.1          	4.095831e-02
40.15         	4.099186e-02
40.2          	4.101729e-02
40.25         	4.103385e-02
40.3          	4.104090e-02
40.35         	4.103804e-02
40.4          	4.102510e-02
40.45         	4.100213e-02
40.5          	4.096946e-02
40.55         	4.092788e-02
40.6          	4.087827e-02
40.65         	4.082012e-02
40.7          	4.075145e-02
40.75         	4.067107e-02
40.8          	4.058143e-02
40.85         	4.048885e-02
40.9          	4.039961e-02
40.95         	4.031719e-02
41            	4.024317e-02
41.05         	4.017819e-02
41.1          	4.012228e-02
41.15         	4.007533e-02
41.2          	4.003790e-02
41.25         	4.001124e-02
41.3          	3.999669e-02
41.35         	3.999458e-02
41.4          	4.000370e-02
41.45         	4.002225e-02
41.5          	4.004891e-02
41.55         	4.008290e-02
41.6          	4.012309e-02
41.65         	4.016839e-02
41.7          	4.021789e-02
41.75         	4.027033e-02
41.8          	4.032423e-02
41.85         	4.037823e-02
41.9          	4.043114e-02
41.95         	4.048190e-02
42            	4.052957e-02
42.05         	4.057346e-02
42.1          	4.061301e-02
42.15         	4.064779e-02
42.2          	4.067739e-02
42.25         	4.070119e-02
42.3          	4.071809e-02
42.35         	4.072645e-02
42.4          	4.072446e-02
42.45         	4.071118e-02
42.5          	4.068807e-02
42.55         	4.066043e-02
42.6          	4.063579e-02
42.65         	4.061706e-02
42.7          	4.060219e-02
42.75         	4.058883e-02
42.8          	4.057541e-02
42.85         	4.056130e-02
42.9          	4.054651e-02
42.95         	4.053192e-02
43            	4.051886e-02
43.05         	4.050790e-02
43.1          	4.049816e-02
43.15         	4.048797e-02
43.2          	4.047529e-02
43.25         	4.045824e-02
43.3          	4.043564e-02
43.35         	4.040730e-02
43.4          	4.037406e-02
43.45         	4.033718e-02
43.5          	4.029759e-02
43.55         	4.025549e-02
43.6          	4.021157e-02
43.65         	4.017219e-02
43.7          	4.015349e-02
43.75         	4.017002e-02
43.8          	4.021722e-02
43.85         	4.028282e-02
43.9          	4.035906e-02
43.95         	4.044208e-02
44            	4.052918e-02
44.05         	4.061812e-02
44.1          	4.070700e-02
44.15         	4.079437e-02
44.2          	4.087896e-02
44.25         	4.095899e-02
44.3          	4.103251e-02
44.35         	4.109789e-02
44.4          	4.115368e-02
44.45         	4.119853e-02
44.5          	4.123147e-02
44.55         	4.125246e-02
44.6          	4.126169e-02
44.65         	4.125966e-02
44.7          	4.124691e-02
44.75         	4.122335e-02
44.8          	4.118875e-02
44.85         	4.114316e-02
44.9          	4.108729e-02
44.95         	4.102306e-02
45            	4.095346e-02
45.05         	4.088177e-02
45.1          	4.081088e-02
45.15         	4.074351e-02
45.2          	4.068232e-02
45.25         	4.063011e-02
45.3          	4.058779e-02
45.35         	4.055451e-02
45.4          	4.053016e-02
45.45         	4.051708e-02
45.5          	4.052098e-02
45.55         	4.054456e-02
45.6          	4.058622e-02
45.65         	4.063861e-02
45.7          	4.069270e-02
45.75         	4.074250e-02
45.8          	4.078538e-02
45.85         	4.082100e-02
45.9          	4.084993e-02
45.95         	4.087306e-02
46            	4.089128e-02
46.05         	4.090534e-02
46.1          	4.091608e-02
46.15         	4.092408e-02
46.2          	4.092966e-02
46.25         	4.093271e-02
46.3          	4.093268e-02
46.35         	4.092901e-02
46.4          	4.092085e-02
46.45         	4.090709e-02
46.5          	4.088685e-02
46.55         	4.086006e-02
46.6          	4.082803e-02
46.65         	4.079324e-02
46.7          	4.075914e-02
46.75         	4.072856e-02
46.8          	4.070263e-02
46.85         	4.068126e-02
46.9          	4.066435e-02
46.95         	4.065144e-02
47            	4.064106e-02
47.05         	4.063126e-02
47.1          	4.062017e-02
47.15         	4.060612e-02
47.2          	4.058777e-02
47.25         	4.056427e-02
47.3          	4.053536e-02
47.35         	4.050141e-02
47.4          	4.046378e-02
47.45         	4.042434e-02
47.5          	4.038470e-02
47.55         	4.034647e-02
47.6          	4.031101e-02
47.65         	4.027951e-02
47.7          	4.025299e-02
47.75         	4.023192e-02
47.8          	4.021697e-02
47.85         	4.020783e-02
47.9          	4.020251e-02
47.95         	4.019960e-02
48            	4.019921e-02
48.05         	4.020197e-02
48.1          	4.020866e-02
48.15         	4.021967e-02
48.2          	4.023463e-02
48.25         	4.025231e-02
48.3          	4.027013e-02
48.35         	4.028403e-02
48.4          	4.029090e-02
48.45         	4.029063e-02
48.5          	4.028680e-02
48.55         	4.028549e-02
48.6          	4.029060e-02
48.65         	4.030234e-02
48.7          	4.031838e-02
48.75         	4.033591e-02
48.8          	4.035565e-02
48.85         	4.038042e-02
48.9          	4.041315e-02
48.95         	4.045361e-02
49            	4.049864e-02
49.05         	4.054466e-02
49.1          	4.058839e-02
49.15         	4.062735e-02
49.2          	4.066039e-02
49.25         	4.068761e-02
49.3          	4.070968e-02
49.35         	4.072711e-02
49.4          	4.074009e-02
49.45         	4.074846e-02
49.5          	4.075165e-02
49.55         	4.074895e-02
49.6          	4.074007e-02
49.65         	4.072574e-02
49.7          	4.070775e-02
49.75         	4.068860e-02
49.8          	4.067040e-02
49.85         	4.065418e-02
49.9          	4.063978e-02
49.95         	4.062624e-02
50            	4.061240e-02
50.05         	4.059757e-02
50.1          	4.058212e-02
50.15         	4.056754e-02
50.2          	4.055566e-02
50.25         	4.054714e-02
50.3          	4.054059e-02
50.35         	4.053403e-02
50.4          	4.052553e-02
50.45         	4.051426e-02
50.5          	4.050074e-02
50.55         	4.048699e-02
50.6          	4.047650e-02
50.65         	4.047317e-02
50.7          	4.047937e-02
50.75         	4.049596e-02
50.8          	4.052008e-02
50.85         	4.054804e-02
50.9          	4.057741e-02
50.95         	4.060631e-02
51            	4.063229e-02
51.05         	4.065200e-02
51.1          	4.066253e-02
51.15         	4.066290e-02
51.2          	4.065423e-02
51.25         	4.063861e-02
51.3          	4.061589e-02
51.35         	4.058517e-02
51.4          	4.054831e-02
51.45         	4.051252e-02
51.5          	4.048885e-02
51.55         	4.048278e-02
51.6          	4.049124e-02
51.65         	4.050801e-02
51.7          	4.052638e-02
51.75         	4.054024e-02
51.8          	4.054513e-02
51.85         	4.053915e-02
51.9          	4.052200e-02
51.95         	4.049217e-02
52            	4.044777e-02
52.05         	4.038844e-02
52.1          	4.031608e-02
52.15         	4.023454e-02
52.2          	4.014940e-02
52.25         	4.006651e-02
52.3          	3.999000e-02
52.35         	3.992171e-02
52.4          	3.986347e-02
52.45         	3.981689e-02
52.5          	3.978209e-02
52.55         	3.975771e-02
52.6          	3.974168e-02
52.65         	3.973273e-02
52.7          	3.972963e-02
52.75         	3.973097e-02
52.8          	3.973583e-02
52.85         	3.974390e-02
52.9          	3.975508e-02
52.95         	3.976938e-02
53            	3.978691e-02
53.05         	3.980774e-02
53.1          	3.983198e-02
53.15         	3.985973e-02
53.2          	3.989102e-02
53.25         	3.992485e-02
53.3          	3.995858e-02
53.35         	3.998740e-02
53.4          	4.000600e-02
53.45         	4.001107e-02
53.5          	4.000187e-02
53.55         	3.997882e-02
53.6          	3.994343e-02
53.65         	3.989757e-02
53.7          	3.984491e-02
53.75         	3.979154e-02
53.8          	3.974200e-02
53.85         	3.970075e-02
53.9          	3.967231e-02
53.95         	3.966470e-02
54            	3.968581e-02
54.05         	3.972964e-02
54.1          	3.978535e-02
54.15         	3.984627e-02
54.2          	3.990892e-02
54.25         	3.997137e-02
54.3          	4.003208e-02
54.35         	4.008945e-02
54.4          	4.014214e-02
54.45         	4.018931e-02
54.5          	4.023058e-02
54.55         	4.026592e-02
54.6          	4.029555e-02
54.65         	4.031976e-02
54.7          	4.033850e-02
54.75         	4.035173e-02
54.8          	4.035960e-02
54.85         	4.036238e-02
54.9          	4.036048e-02
54.95         	4.035432e-02
55            	4.034383e-02
55.05         	4.032914e-02
55.1          	4.031113e-02
55.15         	4.029113e-02
55.2          	4.027091e-02
55.25         	4.025245e-02
55.3          	4.023710e-02
55.35         	4.022524e-02
55.4          	4.021763e-02
55.45         	4.021623e-02
55.5          	4.022351e-02
55.55         	4.024158e-02
55.6          	4.027003e-02
55.65         	4.030571e-02
55.7          	4.034535e-02
55.75         	4.038702e-02
55.8          	4.042958e-02
55.85         	4.047229e-02
55.9          	4.051452e-02
55.95         	4.055502e-02
56            	4.059198e-02
56.05         	4.062342e-02
56.1          	4.064728e-02
56.15         	4.066204e-02
56.2          	4.066795e-02
56.25         	4.066782e-02
56.3          	4.066680e-02
56.35         	4.066908e-02
56.4          	4.067508e-02
56.45         	4.068314e-02
56.5          	4.069154e-02
56.55         	4.069946e-02
56.6          	4.070650e-02
56.65         	4.071299e-02
56.7          	4.071923e-02
56.75         	4.072533e-02
56.8          	4.073144e-02
56.85         	4.073755e-02
56.9          	4.074325e-02
56.95         	4.074731e-02
57            	4.074851e-02
57.05         	4.074612e-02
57.1          	4.073973e-02
57.15         	4.072934e-02
57.2          	4.071522e-02
57.25         	4.069732e-02
57.3          	4.067540e-02
57.35         	4.064878e-02
57.4          	4.061638e-02
57.45         	4.057676e-02
57.5          	4.052922e-02
57.55         	4.047484e-02
57.6          	4.041679e-02
57.65         	4.035953e-02
57.7          	4.030728e-02
57.75         	4.026253e-02
57.8          	4.022625e-02
57.85         	4.019831e-02
57.9          	4.017866e-02
57.95         	4.016773e-02
58            	4.016599e-02
58.05         	4.017430e-02
58.1          	4.019170e-02
58.15         	4.021513e-02
58.2          	4.024067e-02
58.25         	4.026585e-02
58.3          	4.028999e-02
58.35         	4.031354e-02
58.4          	4.033771e-02
58.45         	4.036369e-02
58.5          	4.039202e-02
58.55         	4.042292e-02
58.6          	4.045640e-02
58.65         	4.049217e-02
58.7          	4.052914e-02
58.75         	4.056529e-02
58.8          	4.059745e-02
58.85         	4.062164e-02
58.9          	4.063352e-02
58.95         	4.062981e-02
59            	4.060961e-02
59.05         	4.057482e-02
59.1          	4.052941e-02
59.15         	4.047690e-02
59.2          	4.042260e-02
59.25         	4.037806e-02
59.3          	4.035515e-02
59.35         	4.035579e-02
59.4          	4.037562e-02
59.45         	4.040623e-02
59.5          	4.043998e-02
59.55         	4.047338e-02
59.6          	4.050546e-02
59.65         	4.053521e-02
59.7          	4.056131e-02
59.75         	4.058307e-02
59.8          	4.059991e-02
59.85         	4.061041e-02
59.9          	4.061286e-02
59.95         	4.060614e-02
60            	4.059052e-02
60.05         	4.056792e-02
60.1          	4.054158e-02
60.15         	4.051502e-02
60.2          	4.048937e-02
60.25         	4.046508e-02
60.3          	4.044396e-02
60.35         	4.042791e-02
60.4          	4.041659e-02
60.45         	4.040764e-02
60.5          	4.040039e-02
60.55         	4.039559e-02
60.6          	4.039319e-02
60.65         	4.039218e-02
60.7          	4.039235e-02
60.75         	4.039324e-02
60.8          	4.039441e-02
60.85         	4.039597e-02
60.9          	4.039814e-02
60.95         	4.040115e-02
61            	4.040522e-02
61.05         	4.041026e-02
61.1          	4.041540e-02
61.15         	4.041938e-02
61.2          	4.042073e-02
61.25         	4.041670e-02
61.3          	4.040191e-02
61.35         	4.037214e-02
61.4          	4.032870e-02
61.45         	4.027733e-02
61.5          	4.022626e-02
61.55         	4.017676e-02
61.6          	4.012573e-02
61.65         	4.007265e-02
61.7          	4.002093e-02
61.75         	3.997469e-02
61.8          	3.993850e-02
61.85         	3.991587e-02
61.9          	3.990766e-02
61.95         	3.991402e-02
62            	3.993438e-02
62.05         	3.996785e-02
62.1          	4.001517e-02
62.15         	4.007633e-02
62.2          	4.014800e-02
62.25         	4.022544e-02
62.3          	4.030512e-02
62.35         	4.038410e-02
62.4          	4.045956e-02
62.45         	4.052975e-02
62.5          	4.059421e-02
62.55         	4.065255e-02
62.6          	4.070431e-02
62.65         	4.074853e-02
62.7          	4.078453e-02
62.75         	4.081211e-02
62.8          	4.083151e-02
62.85         	4.084350e-02
62.9          	4.084881e-02
62.95         	4.084768e-02
63            	4.083966e-02
63.05         	4.082400e-02
63.1          	4.080093e-02
63.15         	4.077289e-02
63.2          	4.074465e-02
63.25         	4.072131e-02
63.3          	4.070514e-02
63.35         	4.069680e-02
63.4          	4.069632e-02
63.45         	4.070204e-02
63.5          	4.071157e-02
63.55         	4.072350e-02
63.6          	4.073682e-02
63.65         	4.075090e-02
63.7          	4.076529e-02
63.75         	4.077969e-02
63.8          	4.079381e-02
63.85         	4.080719e-02
63.9          	4.081901e-02
63.95         	4.082862e-02
64            	4.083567e-02
64.05         	4.084010e-02
64.1          	4.084183e-02
64.15         	4.084079e-02
64.2          	4.083698e-02
64.25         	4.083067e-02
64.3          	4.082233e-02
64.35         	4.081206e-02
64.4          	4.079895e-02
64.45         	4.078124e-02
64.5          	4.075703e-02
64.55         	4.072515e-02
64.6          	4.068604e-02
64.65         	4.064234e-02
64.7          	4.059959e-02
64.75         	4.056354e-02
64.8          	4.053829e-02
64.85         	4.052821e-02
64.9          	4.053602e-02
64.95         	4.056014e-02
65            	4.059592e-02
65.05         	4.063803e-02
65.1          	4.068169e-02
65.15         	4.072295e-02
65.2          	4.075770e-02
65.25         	4.078286e-02
65.3          	4.079697e-02
65.35         	4.080006e-02
65.4          	4.079259e-02
65.45         	4.077542e-02
65.5          	4.075057e-02
65.55         	4.072116e-02
65.6          	4.069100e-02
65.65         	4.066402e-02
65.7          	4.064318e-02
65.75         	4.062918e-02
65.8          	4.062118e-02
65.85         	4.061781e-02
65.9          	4.061732e-02
65.95         	4.061881e-02
66            	4.062345e-02
66.05         	4.063302e-02
66.1          	4.064849e-02
66.15         	4.067045e-02
66.2          	4.069893e-02
66.25         	4.073371e-02
66.3          	4.077451e-02
66.35         	4.082089e-02
66.4          	4.087216e-02
66.45         	4.092766e-02
66.5          	4.098642e-02
66.55         	4.104665e-02
66.6          	4.110588e-02
66.65         	4.116021e-02
66.7          	4.120468e-02
66.75         	4.123569e-02
66.8          	4.125256e-02
66.85         	4.125774e-02
66.9          	4.125723e-02
66.95         	4.125924e-02
67            	4.126899e-02
67.05         	4.128348e-02
67.1          	4.129711e-02
67.15         	4.130636e-02
67.2          	4.130750e-02
67.25         	4.129545e-02
67.3          	4.126763e-02
67.35         	4.122378e-02
67.4          	4.116521e-02
67.45         	4.109445e-02
67.5          	4.101492e-02
67.55         	4.093037e-02
67.6          	4.084446e-02
67.65         	4.076066e-02
67.7          	4.068205e-02
67.75         	4.061166e-02
67.8          	4.055308e-02
67.85         	4.050905e-02
67.9          	4.048012e-02
67.95         	4.046360e-02
68            	4.045667e-02
68.05         	4.045803e-02
68.1          	4.046577e-02
68.15         	4.047717e-02
68.2          	4.049038e-02
68.25         	4.050475e-02
68.3          	4.052046e-02
68.35         	4.053759e-02
68.4          	4.055600e-02
68.45         	4.057620e-02
68.5          	4.059885e-02
68.55         	4.062422e-02
68.6          	4.065200e-02
68.65         	4.068029e-02
68.7          	4.070578e-02
68.75         	4.072520e-02
68.8          	4.073657e-02
68.85         	4.074092e-02
68.9          	4.074285e-02
68.95         	4.074836e-02
69            	4.076109e-02
69.05         	4.078094e-02
69.1          	4.080543e-02
69.15         	4.083170e-02
69.2          	4.085639e-02
69.25         	4.087609e-02
69.3          	4.088818e-02
69.35         	4.089117e-02
69.4          	4.088484e-02
69.45         	4.087023e-02
69.5          	4.084906e-02
69.55         	4.082317e-02
69.6          	4.079443e-02
69.65         	4.076463e-02
69.7          	4.073491e-02
69.75         	4.070668e-02
69.8          	4.068327e-02
69.85         	4.066979e-02
69.9          	4.066805e-02
69.95         	4.067286e-02
70            	4.067844e-02
70.05         	4.068243e-02
70.1          	4.068388e-02
70.15         	4.068242e-02
70.2          	4.067893e-02
70.25         	4.067545e-02
70.3          	4.067392e-02
70.35         	4.067689e-02
70.4          	4.068722e-02
70.45         	4.070591e-02
70.5          	4.073324e-02
70.55         	4.076859e-02
70.6          	4.081100e-02
70.65         	4.085955e-02
70.7          	4.091275e-02
70.75         	4.096832e-02
70.8          	4.102278e-02
70.85         	4.107093e-02
70.9          	4.110669e-02
70.95         	4.112497e-02
71            	4.112284e-02
71.05         	4.109949e-02
71.1          	4.105693e-02
71.15         	4.100080e-02
71.2          	4.093994e-02
71.25         	4.088880e-02
71.3          	4.086100e-02
71.35         	4.085601e-02
71.4          	4.086715e-02
71.45         	4.089102e-02
71.5          	4.092398e-02
71.55         	4.096070e-02
71.6          	4.099710e-02
71.65         	4.103037e-02
71.7          	4.105836e-02
71.75         	4.107893e-02
71.8          	4.109018e-02
71.85         	4.109038e-02
71.9          	4.107793e-02
71.95         	4.105187e-02
72            	4.101248e-02
72.05         	4.096073e-02
72.1          	4.089818e-02
72.15         	4.082674e-02
72.2          	4.074832e-02
72.25         	4.066397e-02
72.3          	4.057417e-02
72.35         	4.048081e-02
72.4          	4.038740e-02
72.45         	4.029770e-02
72.5          	4.021529e-02
72.55         	4.014263e-02
72.6          	4.008369e-02
72.65         	4.004333e-02
72.7          	4.002000e-02
72.75         	4.000965e-02
72.8          	4.001142e-02
72.85         	4.002571e-02
72.9          	4.005189e-02
72.95         	4.008831e-02
73            	4.013381e-02
73.05         	4.018893e-02
73.1          	4.025534e-02
73.15         	4.033333e-02
73.2          	4.041999e-02
73.25         	4.051145e-02
73.3          	4.060440e-02
73.35         	4.069589e-02
73.4          	4.078308e-02
73.45         	4.086337e-02
73.5          	4.093410e-02
73.55         	4.099291e-02
73.6          	4.103736e-02
73.65         	4.106499e-02
73.7          	4.107338e-02
73.75         	4.106114e-02
73.8          	4.103005e-02
73.85         	4.098696e-02
73.9          	4.094118e-02
73.95         	4.090015e-02
74            	4.086935e-02
74.05         	4.085212e-02
74.1          	4.084593e-02
74.15         	4.084790e-02
74.2          	4.085636e-02
74.25         	4.086962e-02
74.3          	4.088673e-02
74.35         	4.090698e-02
74.4          	4.092917e-02
74.45         	4.095202e-02
74.5          	4.097442e-02
74.55         	4.099490e-02
74.6          	4.101164e-02
74.65         	4.102235e-02
74.7          	4.102404e-02
74.75         	4.101360e-02
74.8          	4.098880e-02
74.85         	4.094884e-02
74.9          	4.089472e-02
74.95         	4.082936e-02
75            	4.075642e-02
75.05         	4.067898e-02
75.1          	4.060000e-02
75.15         	4.052285e-02
75.2          	4.045113e-02
75.25         	4.038895e-02
75.3          	4.033814e-02
75.35         	4.029983e-02
75.4          	4.027351e-02
75.45         	4.025589e-02
75.5          	4.024452e-02
75.55         	4.023726e-02
75.6          	4.023154e-02
75.65         	4.022341e-02
75.7          	4.020963e-02
75.75         	4.019144e-02
75.8          	4.017460e-02
75.85         	4.016694e-02
75.9          	4.017461e-02
75.95         	4.019772e-02
76            	4.023280e-02
76.05         	4.027553e-02
76.1          	4.032332e-02
76.15         	4.037565e-02
76.2          	4.043236e-02
76.25         	4.049212e-02
76.3          	4.055360e-02
76.35         	4.061517e-02
76.4          	4.067412e-02
76.45         	4.072806e-02
76.5          	4.077589e-02
76.55         	4.081719e-02
76.6          	4.085201e-02
76.65         	4.088088e-02
76.7          	4.090430e-02
76.75         	4.092252e-02
76.8          	4.093544e-02
76.85         	4.094280e-02
76.9          	4.094433e-02
76.95         	4.093977e-02
77            	4.092891e-02
77.05         	4.091189e-02
77.1          	4.088900e-02
77.15         	4.086060e-02
77.2          	4.082677e-02
77.25         	4.078686e-02
77.3          	4.073988e-02
77.35         	4.068490e-02
77.4          	4.062174e-02
77.45         	4.055067e-02
77.5          	4.047258e-02
77.55         	4.039035e-02
77.6          	4.031016e-02
77.65         	4.023908e-02
77.7          	4.018150e-02
77.75         	4.013771e-02
77.8          	4.010742e-02
77.85         	4.009202e-02
77.9          	4.008931e-02
77.95         	4.009564e-02
78            	4.010806e-02
78.05         	4.012537e-02
78.1          	4.014695e-02
78.15         	4.017148e-02
78.2          	4.019728e-02
78.25         	4.022282e-02
78.3          	4.024653e-02
78.35         	4.026698e-02
78.4          	4.028324e-02
78.45         	4.029481e-02
78.5          	4.030144e-02
78.55         	4.030345e-02
78.6          	4.030139e-02
78.65         	4.029549e-02
78.7          	4.028569e-02
78.75         	4.027252e-02
78.8          	4.025812e-02
78.85         	4.024608e-02
78.9          	4.024023e-02
78.95         	4.024438e-02
79            	4.026133e-02
79.05         	4.028875e-02
79.1          	4.032268e-02
79.15         	4.035953e-02
79.2          	4.039634e-02
79.25         	4.043080e-02
79.3          	4.046102e-02
79.35         	4.048603e-02
79.4          	4.050572e-02
79.45         	4.052073e-02
79.5          	4.053396e-02
79.55         	4.055037e-02
79.6          	4.057487e-02
79.65         	4.060796e-02
79.7          	4.064846e-02
79.75         	4.069506e-02
79.8          	4.074641e-02
79.85         	4.080057e-02
79.9          	4.085538e-02
79.95         	4.090841e-02
80            	4.095763e-02
80.05         	4.100172e-02
80.1          	4.103988e-02
80.15         	4.107203e-02
80.2          	4.109847e-02
80.25         	4.111946e-02
80.3          	4.113509e-02
80.35         	4.114537e-02
80.4          	4.115082e-02
80.45         	4.115400e-02
80.5          	4.115959e-02
80.55         	4.117146e-02
80.6          	4.119238e-02
80.65         	4.122402e-02
80.7          	4.126599e-02
80.75         	4.131445e-02
80.8          	4.136265e-02
80.85         	4.140522e-02
80.9          	4.143966e-02
80.95         	4.146672e-02
81            	4.148891e-02
81.05         	4.150847e-02
81.1          	4.152808e-02
81.15         	4.154807e-02
81.2          	4.156678e-02
81.25         	4.158344e-02
81.3          	4.159853e-02
81.35         	4.161370e-02
81.4          	4.163018e-02
81.45         	4.164765e-02
81.5          	4.166359e-02
81.55         	4.167447e-02
81.6          	4.167823e-02
81.65         	4.167444e-02
81.7          	4.166345e-02
81.75         	4.164559e-02
81.8          	4.162111e-02
81.85         	4.159072e-02
81.9          	4.155571e-02
81.95         	4.151725e-02
82            	4.147528e-02
82.05         	4.142961e-02
82.1          	4.138012e-02
82.15         	4.132537e-02
82.2          	4.126403e-02
82.25         	4.119643e-02
82.3          	4.112354e-02
82.35         	4.104676e-02
82.4          	4.096743e-02
82.45         	4.088691e-02
82.5          	4.080665e-02
82.55         	4.072921e-02
82.6          	4.065882e-02
82.65         	4.059881e-02
82.7          	4.055048e-02
82.75         	4.051544e-02
82.8          	4.049465e-02
82.85         	4.048514e-02
82.9          	4.048310e-02
82.95         	4.048653e-02
83            	4.049458e-02
83.05         	4.050660e-02
83.1          	4.052125e-02
83.15         	4.053641e-02
83.2          	4.054998e-02
83.25         	4.056076e-02
83.3          	4.056819e-02
83.35         	4.057196e-02
83.4          	4.057198e-02
83.45         	4.056817e-02
83.5          	4.056096e-02
83.55         	4.055167e-02
83.6          	4.054188e-02
83.65         	4.053253e-02
83.7          	4.052365e-02
83.75         	4.051595e-02
83.8          	4.051167e-02
83.85         	4.051274e-02
83.9          	4.051933e-02
83.95         	4.052817e-02
84            	4.053580e-02
84.05         	4.054050e-02
84.1          	4.054091e-02
84.15         	4.053503e-02
84.2          	4.052175e-02
84.25         	4.050057e-02
84.3          	4.047148e-02
84.35         	4.043498e-02
84.4          	4.039230e-02
84.45         	4.034513e-02
84.5          	4.029451e-02
84.55         	4.024101e-02
84.6          	4.018541e-02
84.65         	4.012912e-02
84.7          	4.007484e-02
84.75         	4.002793e-02
84.8          	3.999266e-02
84.85         	3.997053e-02
84.9          	3.996297e-02
84.95         	3.997265e-02
85            	3.999944e-02
85.05         	4.004023e-02
85.1          	4.009259e-02
85.15         	4.015584e-02
85.2          	4.022854e-02
85.25         	4.030761e-02
85.3          	4.039004e-02
85.35         	4.047383e-02
85.4          	4.055803e-02
85.45         	4.064254e-02
85.5          	4.072734e-02
85.55         	4.081210e-02
85.6          	4.089603e-02
85.65         	4.097787e-02
85.7          	4.105584e-02
85.75         	4.112760e-02
85.8          	4.119034e-02
85.85         	4.124121e-02
85.9          	4.127764e-02
85.95         	4.129719e-02
86            	4.129769e-02
86.05         	4.127844e-02
86.1          	4.124064e-02
86.15         	4.118726e-02
86.2          	4.112304e-02
86.25         	4.105321e-02
86.3          	4.098123e-02
86.35         	4.090895e-02
86.4          	4.083696e-02
86.45         	4.076791e-02
86.5          	4.070548e-02
86.55         	4.065139e-02
86.6          	4.060471e-02
86.65         	4.056399e-02
86.7          	4.052817e-02
86.75         	4.049702e-02
86.8          	4.047110e-02
86.85         	4.045087e-02
86.9          	4.043788e-02
86.95         	4.043326e-02
87            	4.043633e-02
87.05         	4.044707e-02
87.1          	4.046611e-02
87.15         	4.049235e-02
87.2          	4.052378e-02
87.25         	4.055852e-02
87.3          	4.059506e-02
87.35         	4.063270e-02
87.4          	4.067139e-02
87.45         	4.071085e-02
87.5          	4.075048e-02
87.55         	4.078884e-02
87.6          	4.082443e-02
87.65         	4.085626e-02
87.7          	4.088396e-02
87.75         	4.090774e-02
87.8          	4.092809e-02
87.85         	4.094520e-02
87.9          	4.095874e-02
87.95         	4.096778e-02
88            	4.097065e-02
88.05         	4.096491e-02
88.1          	4.094781e-02
88.15         	4.091791e-02
88.2          	4.087605e-02
88.25         	4.082386e-02
88.3          	4.076259e-02
88.35         	4.069270e-02
88.4          	4.061485e-02
88.45         	4.053363e-02
88.5          	4.045897e-02
88.55         	4.039838e-02
88.6          	4.034968e-02
88.65         	4.030979e-02
88.7          	4.027909e-02
88.75         	4.025776e-02
88.8          	4.024491e-02
88.85         	4.023979e-02
88.9          	4.024162e-02
88.95         	4.024830e-02
89            	4.025629e-02
89.05         	4.026137e-02
89.1          	4.025993e-02
89.15         	4.025149e-02
89.2          	4.023994e-02
89.25         	4.023134e-02
89.3          	4.022899e-02
89.35         	4.023290e-02
89.4          	4.024251e-02
89.45         	4.025726e-02
89.5          	4.027627e-02
89.55         	4.029801e-02
89.6          	4.032113e-02
89.65         	4.034474e-02
89.7          	4.036818e-02
89.75         	4.039074e-02
89.8          	4.041206e-02
89.85         	4.043228e-02
89.9          	4.045203e-02
89.95         	4.047247e-02
90            	4.049373e-02
