# Region      : all 
# Cells       : 16000
# Volume      : 2.000000e-03
# Time        	volAverage(alpha.air)
0             	0.000000e+00
0.05          	5.145290e-04
0.1           	1.014529e-03
0.15          	1.514529e-03
0.2           	2.014529e-03
0.25          	2.514529e-03
0.3           	3.014529e-03
0.35          	3.514530e-03
0.4           	4.014530e-03
0.45          	4.514534e-03
0.5           	5.014534e-03
0.55          	5.514534e-03
0.6           	6.014534e-03
0.65          	6.514534e-03
0.7           	7.014536e-03
0.75          	7.514536e-03
0.8           	8.014536e-03
0.85          	8.514536e-03
0.9           	9.014536e-03
0.95          	9.514541e-03
1             	1.001454e-02
1.05          	1.051454e-02
1.1           	1.101454e-02
1.15          	1.151455e-02
1.2           	1.201455e-02
1.25          	1.251455e-02
1.3           	1.301456e-02
1.35          	1.351456e-02
1.4           	1.401456e-02
1.45          	1.451457e-02
1.5           	1.501457e-02
1.55          	1.551457e-02
1.6           	1.601457e-02
1.65          	1.651458e-02
1.7           	1.701458e-02
1.75          	1.751458e-02
1.8           	1.801459e-02
1.85          	1.851459e-02
1.9           	1.901459e-02
1.95          	1.951459e-02
2             	2.001459e-02
2.05          	2.051459e-02
2.1           	2.101460e-02
2.15          	2.151460e-02
2.2           	2.201460e-02
2.25          	2.251461e-02
2.3           	2.301461e-02
2.35          	2.351461e-02
2.4           	2.401461e-02
2.45          	2.451462e-02
2.5           	2.501462e-02
2.55          	2.551462e-02
2.6           	2.601462e-02
2.65          	2.651463e-02
2.7           	2.701463e-02
2.75          	2.751463e-02
2.8           	2.801463e-02
2.85          	2.851464e-02
2.9           	2.901464e-02
2.95          	2.951464e-02
3             	3.001464e-02
3.05          	3.051464e-02
3.1           	3.101464e-02
3.15          	3.151464e-02
3.2           	3.201465e-02
3.25          	3.251465e-02
3.3           	3.301466e-02
3.35          	3.351466e-02
3.4           	3.401466e-02
3.45          	3.451466e-02
3.5           	3.501467e-02
3.55          	3.551467e-02
3.6           	3.601467e-02
3.65          	3.651467e-02
3.7           	3.701468e-02
3.75          	3.751468e-02
3.8           	3.801467e-02
3.85          	3.851453e-02
3.9           	3.901291e-02
3.95          	3.950581e-02
4             	3.998594e-02
4.05          	4.044456e-02
4.1           	4.087227e-02
4.15          	4.126034e-02
4.2           	4.160132e-02
4.25          	4.188939e-02
4.3           	4.212001e-02
4.35          	4.228906e-02
4.4           	4.239160e-02
4.45          	4.242393e-02
4.5           	4.239208e-02
4.55          	4.231347e-02
4.6           	4.220921e-02
4.65          	4.209640e-02
4.7           	4.198531e-02
4.75          	4.187726e-02
4.8           	4.176740e-02
4.85          	4.165076e-02
4.9           	4.152155e-02
4.95          	4.137367e-02
5             	4.119947e-02
5.05          	4.099614e-02
5.1           	4.076634e-02
5.15          	4.052372e-02
5.2           	4.028905e-02
5.25          	4.008683e-02
5.3           	3.993193e-02
5.35          	3.981429e-02
5.4           	3.970841e-02
5.45          	3.959879e-02
5.5           	3.947988e-02
5.55          	3.935203e-02
5.6           	3.921986e-02
5.65          	3.909097e-02
5.7           	3.897398e-02
5.75          	3.887481e-02
5.8           	3.879317e-02
5.85          	3.872426e-02
5.9           	3.866340e-02
5.95          	3.860801e-02
6             	3.855717e-02
6.05          	3.851081e-02
6.1           	3.846870e-02
6.15          	3.843038e-02
6.2           	3.839552e-02
6.25          	3.836399e-02
6.3           	3.833582e-02
6.35          	3.831121e-02
6.4           	3.829032e-02
6.45          	3.827305e-02
6.5           	3.825902e-02
6.55          	3.824776e-02
6.6           	3.823892e-02
6.65          	3.823257e-02
6.7           	3.822884e-02
6.75          	3.822751e-02
6.8           	3.822818e-02
6.85          	3.823054e-02
6.9           	3.823441e-02
6.95          	3.823966e-02
7             	3.824618e-02
7.05          	3.825389e-02
7.1           	3.826268e-02
7.15          	3.827250e-02
7.2           	3.828328e-02
7.25          	3.829497e-02
7.3           	3.830755e-02
7.35          	3.832099e-02
7.4           	3.833528e-02
7.45          	3.835043e-02
7.5           	3.836641e-02
7.55          	3.838319e-02
7.6           	3.840075e-02
7.65          	3.841900e-02
7.7           	3.843788e-02
7.75          	3.845729e-02
7.8           	3.847714e-02
7.85          	3.849732e-02
7.9           	3.851770e-02
7.95          	3.853817e-02
8             	3.855859e-02
8.05          	3.857885e-02
8.1           	3.859883e-02
8.15          	3.861842e-02
8.2           	3.863754e-02
8.25          	3.865609e-02
8.3           	3.867396e-02
8.35          	3.869108e-02
8.4           	3.870732e-02
8.45          	3.872259e-02
8.5           	3.873677e-02
8.55          	3.874971e-02
8.6           	3.876118e-02
8.65          	3.877092e-02
8.7           	3.877855e-02
8.75          	3.878358e-02
8.8           	3.878542e-02
8.85          	3.878337e-02
8.9           	3.877682e-02
8.95          	3.876539e-02
9             	3.874900e-02
9.05          	3.872779e-02
9.1           	3.870175e-02
9.15          	3.867089e-02
9.2           	3.863631e-02
9.25          	3.860050e-02
9.3           	3.856639e-02
9.35          	3.853584e-02
9.4           	3.850959e-02
9.45          	3.848722e-02
9.5           	3.846808e-02
9.55          	3.845181e-02
9.6           	3.843808e-02
9.65          	3.842668e-02
9.7           	3.841732e-02
9.75          	3.840991e-02
9.8           	3.840431e-02
9.85          	3.840044e-02
9.9           	3.839851e-02
9.95          	3.839877e-02
10            	3.840129e-02
10.05         	3.840595e-02
10.1          	3.841258e-02
10.15         	3.842103e-02
10.2          	3.843103e-02
10.25         	3.844242e-02
10.3          	3.845511e-02
10.35         	3.846894e-02
10.4          	3.848373e-02
10.45         	3.849931e-02
10.5          	3.851551e-02
10.55         	3.853215e-02
10.6          	3.854910e-02
10.65         	3.856619e-02
10.7          	3.858328e-02
10.75         	3.860022e-02
10.8          	3.861677e-02
10.85         	3.863266e-02
10.9          	3.864757e-02
10.95         	3.866104e-02
11            	3.867244e-02
11.05         	3.868125e-02
11.1          	3.868738e-02
11.15         	3.869115e-02
11.2          	3.869319e-02
11.25         	3.869441e-02
11.3          	3.869543e-02
11.35         	3.869678e-02
11.4          	3.869856e-02
11.45         	3.870082e-02
11.5          	3.870367e-02
11.55         	3.870703e-02
11.6          	3.871083e-02
11.65         	3.871501e-02
11.7          	3.871963e-02
11.75         	3.872464e-02
11.8          	3.873002e-02
11.85         	3.873560e-02
11.9          	3.874128e-02
11.95         	3.874707e-02
12            	3.875293e-02
12.05         	3.875889e-02
12.1          	3.876506e-02
12.15         	3.877138e-02
12.2          	3.877768e-02
12.25         	3.878382e-02
12.3          	3.878981e-02
12.35         	3.879581e-02
12.4          	3.880192e-02
12.45         	3.880820e-02
12.5          	3.881470e-02
12.55         	3.882146e-02
12.6          	3.882849e-02
12.65         	3.883582e-02
12.7          	3.884349e-02
12.75         	3.885157e-02
12.8          	3.886006e-02
12.85         	3.886899e-02
12.9          	3.887834e-02
12.95         	3.888810e-02
13            	3.889823e-02
13.05         	3.890866e-02
13.1          	3.891930e-02
13.15         	3.893008e-02
13.2          	3.894094e-02
13.25         	3.895184e-02
13.3          	3.896278e-02
13.35         	3.897373e-02
13.4          	3.898469e-02
13.45         	3.899564e-02
13.5          	3.900658e-02
13.55         	3.901745e-02
13.6          	3.902818e-02
13.65         	3.903870e-02
13.7          	3.904891e-02
13.75         	3.905872e-02
13.8          	3.906802e-02
13.85         	3.907671e-02
13.9          	3.908468e-02
13.95         	3.909178e-02
14            	3.909787e-02
14.05         	3.910281e-02
14.1          	3.910644e-02
14.15         	3.910865e-02
14.2          	3.910935e-02
14.25         	3.910851e-02
14.3          	3.910608e-02
14.35         	3.910208e-02
14.4          	3.909656e-02
14.45         	3.908960e-02
14.5          	3.908130e-02
14.55         	3.907175e-02
14.6          	3.906111e-02
14.65         	3.904951e-02
14.7          	3.903709e-02
14.75         	3.902403e-02
14.8          	3.901048e-02
14.85         	3.899662e-02
14.9          	3.898262e-02
14.95         	3.896869e-02
15            	3.895498e-02
15.05         	3.894170e-02
15.1          	3.892894e-02
15.15         	3.891686e-02
15.2          	3.890552e-02
15.25         	3.889500e-02
15.3          	3.888530e-02
15.35         	3.887640e-02
15.4          	3.886823e-02
15.45         	3.886078e-02
15.5          	3.885397e-02
15.55         	3.884767e-02
15.6          	3.884180e-02
15.65         	3.883625e-02
15.7          	3.883093e-02
15.75         	3.882576e-02
15.8          	3.882064e-02
15.85         	3.881552e-02
15.9          	3.881034e-02
15.95         	3.880504e-02
16            	3.879959e-02
16.05         	3.879405e-02
16.1          	3.878853e-02
16.15         	3.878322e-02
16.2          	3.877842e-02
16.25         	3.877441e-02
16.3          	3.877149e-02
16.35         	3.876991e-02
16.4          	3.876993e-02
16.45         	3.877173e-02
16.5          	3.877549e-02
16.55         	3.878140e-02
16.6          	3.878960e-02
16.65         	3.880019e-02
16.7          	3.881326e-02
16.75         	3.882889e-02
16.8          	3.884702e-02
16.85         	3.886763e-02
16.9          	3.889064e-02
16.95         	3.891598e-02
17            	3.894356e-02
17.05         	3.897326e-02
17.1          	3.900492e-02
17.15         	3.903834e-02
17.2          	3.907328e-02
17.25         	3.910946e-02
17.3          	3.914660e-02
17.35         	3.918444e-02
17.4          	3.922279e-02
17.45         	3.926153e-02
17.5          	3.930051e-02
17.55         	3.933955e-02
17.6          	3.937842e-02
17.65         	3.941689e-02
17.7          	3.945478e-02
17.75         	3.949190e-02
17.8          	3.952810e-02
17.85         	3.956328e-02
17.9          	3.959743e-02
17.95         	3.963055e-02
18            	3.966268e-02
18.05         	3.969396e-02
18.1          	3.972453e-02
18.15         	3.975452e-02
18.2          	3.978404e-02
18.25         	3.981314e-02
18.3          	3.984177e-02
18.35         	3.986988e-02
18.4          	3.989741e-02
18.45         	3.992430e-02
18.5          	3.995054e-02
18.55         	3.997598e-02
18.6          	4.000048e-02
18.65         	4.002391e-02
18.7          	4.004607e-02
18.75         	4.006653e-02
18.8          	4.008471e-02
18.85         	4.009996e-02
18.9          	4.011165e-02
18.95         	4.011937e-02
19            	4.012292e-02
19.05         	4.012230e-02
19.1          	4.011771e-02
19.15         	4.010948e-02
19.2          	4.009802e-02
19.25         	4.008371e-02
19.3          	4.006693e-02
19.35         	4.004798e-02
19.4          	4.002709e-02
19.45         	4.000448e-02
19.5          	3.998034e-02
19.55         	3.995474e-02
19.6          	3.992776e-02
19.65         	3.989945e-02
19.7          	3.986982e-02
19.75         	3.983884e-02
19.8          	3.980653e-02
19.85         	3.977292e-02
19.9          	3.973813e-02
19.95         	3.970227e-02
20            	3.966550e-02
20.05         	3.962808e-02
20.1          	3.959031e-02
20.15         	3.955257e-02
20.2          	3.951531e-02
20.25         	3.947899e-02
20.3          	3.944400e-02
20.35         	3.941073e-02
20.4          	3.937955e-02
20.45         	3.935078e-02
20.5          	3.932468e-02
20.55         	3.930139e-02
20.6          	3.928098e-02
20.65         	3.926339e-02
20.7          	3.924848e-02
20.75         	3.923596e-02
20.8          	3.922539e-02
20.85         	3.921616e-02
20.9          	3.920740e-02
20.95         	3.919823e-02
21            	3.918820e-02
21.05         	3.917712e-02
21.1          	3.916507e-02
21.15         	3.915229e-02
21.2          	3.913911e-02
21.25         	3.912585e-02
21.3          	3.911275e-02
21.35         	3.909997e-02
21.4          	3.908762e-02
21.45         	3.907561e-02
21.5          	3.906383e-02
21.55         	3.905206e-02
21.6          	3.903997e-02
21.65         	3.902721e-02
21.7          	3.901355e-02
21.75         	3.899881e-02
21.8          	3.898280e-02
21.85         	3.896542e-02
21.9          	3.894665e-02
21.95         	3.892655e-02
22            	3.890523e-02
22.05         	3.888286e-02
22.1          	3.885970e-02
22.15         	3.883608e-02
22.2          	3.881237e-02
22.25         	3.878897e-02
22.3          	3.876624e-02
22.35         	3.874454e-02
22.4          	3.872418e-02
22.45         	3.870542e-02
22.5          	3.868845e-02
22.55         	3.867337e-02
22.6          	3.866017e-02
22.65         	3.864864e-02
22.7          	3.863838e-02
22.75         	3.862875e-02
22.8          	3.861899e-02
22.85         	3.860842e-02
22.9          	3.859671e-02
22.95         	3.858382e-02
23            	3.857006e-02
23.05         	3.855583e-02
23.1          	3.854154e-02
23.15         	3.852749e-02
23.2          	3.851380e-02
23.25         	3.850062e-02
23.3          	3.848802e-02
23.35         	3.847603e-02
23.4          	3.846468e-02
23.45         	3.845387e-02
23.5          	3.844339e-02
23.55         	3.843304e-02
23.6          	3.842260e-02
23.65         	3.841176e-02
23.7          	3.840033e-02
23.75         	3.838820e-02
23.8          	3.837537e-02
23.85         	3.836194e-02
23.9          	3.834808e-02
23.95         	3.833405e-02
24            	3.832011e-02
24.05         	3.830649e-02
24.1          	3.829346e-02
24.15         	3.828129e-02
24.2          	3.827025e-02
24.25         	3.826068e-02
24.3          	3.825276e-02
24.35         	3.824659e-02
24.4          	3.824223e-02
24.45         	3.823960e-02
24.5          	3.823844e-02
24.55         	3.823831e-02
24.6          	3.823861e-02
24.65         	3.823878e-02
24.7          	3.823838e-02
24.75         	3.823734e-02
24.8          	3.823588e-02
24.85         	3.823451e-02
24.9          	3.823374e-02
24.95         	3.823399e-02
25            	3.823547e-02
25.05         	3.823827e-02
25.1          	3.824250e-02
25.15         	3.824822e-02
25.2          	3.825543e-02
25.25         	3.826403e-02
25.3          	3.827371e-02
25.35         	3.828411e-02
25.4          	3.829474e-02
25.45         	3.830510e-02
25.5          	3.831473e-02
25.55         	3.832323e-02
25.6          	3.833027e-02
25.65         	3.833565e-02
25.7          	3.833927e-02
25.75         	3.834109e-02
25.8          	3.834121e-02
25.85         	3.833982e-02
25.9          	3.833710e-02
25.95         	3.833330e-02
26            	3.832872e-02
26.05         	3.832363e-02
26.1          	3.831832e-02
26.15         	3.831303e-02
26.2          	3.830804e-02
26.25         	3.830355e-02
26.3          	3.829972e-02
26.35         	3.829671e-02
26.4          	3.829465e-02
26.45         	3.829356e-02
26.5          	3.829335e-02
26.55         	3.829372e-02
26.6          	3.829421e-02
26.65         	3.829437e-02
26.7          	3.829375e-02
26.75         	3.829216e-02
26.8          	3.828964e-02
26.85         	3.828654e-02
26.9          	3.828328e-02
26.95         	3.828031e-02
27            	3.827797e-02
27.05         	3.827654e-02
27.1          	3.827622e-02
27.15         	3.827710e-02
27.2          	3.827921e-02
27.25         	3.828254e-02
27.3          	3.828699e-02
27.35         	3.829233e-02
27.4          	3.829827e-02
27.45         	3.830450e-02
27.5          	3.831066e-02
27.55         	3.831645e-02
27.6          	3.832169e-02
27.65         	3.832615e-02
27.7          	3.832973e-02
27.75         	3.833239e-02
27.8          	3.833415e-02
27.85         	3.833507e-02
27.9          	3.833523e-02
27.95         	3.833473e-02
28            	3.833368e-02
28.05         	3.833225e-02
28.1          	3.833066e-02
28.15         	3.832914e-02
28.2          	3.832789e-02
28.25         	3.832712e-02
28.3          	3.832703e-02
28.35         	3.832777e-02
28.4          	3.832945e-02
28.45         	3.833212e-02
28.5          	3.833572e-02
28.55         	3.834006e-02
28.6          	3.834482e-02
28.65         	3.834965e-02
28.7          	3.835409e-02
28.75         	3.835771e-02
28.8          	3.836025e-02
28.85         	3.836164e-02
28.9          	3.836210e-02
28.95         	3.836205e-02
29            	3.836198e-02
29.05         	3.836235e-02
29.1          	3.836356e-02
29.15         	3.836596e-02
29.2          	3.836966e-02
29.25         	3.837470e-02
29.3          	3.838114e-02
29.35         	3.838906e-02
29.4          	3.839852e-02
29.45         	3.840946e-02
29.5          	3.842172e-02
29.55         	3.843508e-02
29.6          	3.844923e-02
29.65         	3.846382e-02
29.7          	3.847851e-02
29.75         	3.849304e-02
29.8          	3.850720e-02
29.85         	3.852069e-02
29.9          	3.853323e-02
29.95         	3.854453e-02
30            	3.855431e-02
30.05         	3.856238e-02
30.1          	3.856860e-02
30.15         	3.857294e-02
30.2          	3.857543e-02
30.25         	3.857622e-02
30.3          	3.857543e-02
30.35         	3.857328e-02
30.4          	3.857001e-02
30.45         	3.856587e-02
30.5          	3.856113e-02
30.55         	3.855613e-02
30.6          	3.855109e-02
30.65         	3.854617e-02
30.7          	3.854151e-02
30.75         	3.853724e-02
30.8          	3.853340e-02
30.85         	3.853010e-02
30.9          	3.852730e-02
30.95         	3.852491e-02
31            	3.852268e-02
31.05         	3.852027e-02
31.1          	3.851728e-02
31.15         	3.851357e-02
31.2          	3.850908e-02
31.25         	3.850403e-02
31.3          	3.849872e-02
31.35         	3.849340e-02
31.4          	3.848837e-02
31.45         	3.848408e-02
31.5          	3.848104e-02
31.55         	3.847969e-02
31.6          	3.848028e-02
31.65         	3.848288e-02
31.7          	3.848747e-02
31.75         	3.849400e-02
31.8          	3.850242e-02
31.85         	3.851259e-02
31.9          	3.852438e-02
31.95         	3.853760e-02
32            	3.855195e-02
32.05         	3.856705e-02
32.1          	3.858254e-02
32.15         	3.859816e-02
32.2          	3.861358e-02
32.25         	3.862849e-02
32.3          	3.864263e-02
32.35         	3.865572e-02
32.4          	3.866748e-02
32.45         	3.867763e-02
32.5          	3.868588e-02
32.55         	3.869197e-02
32.6          	3.869583e-02
32.65         	3.869738e-02
32.7          	3.869667e-02
32.75         	3.869374e-02
32.8          	3.868876e-02
32.85         	3.868204e-02
32.9          	3.867384e-02
32.95         	3.866437e-02
33            	3.865392e-02
33.05         	3.864288e-02
33.1          	3.863154e-02
33.15         	3.862015e-02
33.2          	3.860890e-02
33.25         	3.859799e-02
33.3          	3.858743e-02
33.35         	3.857732e-02
33.4          	3.856773e-02
33.45         	3.855864e-02
33.5          	3.854999e-02
33.55         	3.854178e-02
33.6          	3.853383e-02
33.65         	3.852572e-02
33.7          	3.851739e-02
33.75         	3.850904e-02
33.8          	3.850112e-02
33.85         	3.849409e-02
33.9          	3.848828e-02
33.95         	3.848392e-02
34            	3.848124e-02
34.05         	3.848047e-02
34.1          	3.848182e-02
34.15         	3.848540e-02
34.2          	3.849128e-02
34.25         	3.849943e-02
34.3          	3.850971e-02
34.35         	3.852188e-02
34.4          	3.853566e-02
34.45         	3.855075e-02
34.5          	3.856687e-02
34.55         	3.858375e-02
34.6          	3.860111e-02
34.65         	3.861873e-02
34.7          	3.863640e-02
34.75         	3.865390e-02
34.8          	3.867097e-02
34.85         	3.868734e-02
34.9          	3.870277e-02
34.95         	3.871702e-02
35            	3.872993e-02
35.05         	3.874128e-02
35.1          	3.875069e-02
35.15         	3.875766e-02
35.2          	3.876179e-02
35.25         	3.876286e-02
35.3          	3.876076e-02
35.35         	3.875550e-02
35.4          	3.874751e-02
35.45         	3.873731e-02
35.5          	3.872543e-02
35.55         	3.871231e-02
35.6          	3.869835e-02
35.65         	3.868374e-02
35.7          	3.866877e-02
35.75         	3.865354e-02
35.8          	3.863812e-02
35.85         	3.862267e-02
35.9          	3.860741e-02
35.95         	3.859265e-02
36            	3.857871e-02
36.05         	3.856602e-02
36.1          	3.855492e-02
36.15         	3.854552e-02
36.2          	3.853757e-02
36.25         	3.853052e-02
36.3          	3.852397e-02
36.35         	3.851785e-02
36.4          	3.851221e-02
36.45         	3.850721e-02
36.5          	3.850310e-02
36.55         	3.850015e-02
36.6          	3.849864e-02
36.65         	3.849882e-02
36.7          	3.850091e-02
36.75         	3.850509e-02
36.8          	3.851148e-02
36.85         	3.852016e-02
36.9          	3.853107e-02
36.95         	3.854392e-02
37            	3.855839e-02
37.05         	3.857420e-02
37.1          	3.859115e-02
37.15         	3.860897e-02
37.2          	3.862743e-02
37.25         	3.864628e-02
37.3          	3.866532e-02
37.35         	3.868439e-02
37.4          	3.870326e-02
37.45         	3.872174e-02
37.5          	3.873962e-02
37.55         	3.875669e-02
37.6          	3.877272e-02
37.65         	3.878747e-02
37.7          	3.880055e-02
37.75         	3.881145e-02
37.8          	3.881980e-02
37.85         	3.882526e-02
37.9          	3.882747e-02
37.95         	3.882617e-02
38            	3.882141e-02
38.05         	3.881345e-02
38.1          	3.880275e-02
38.15         	3.878995e-02
38.2          	3.877555e-02
38.25         	3.875992e-02
38.3          	3.874337e-02
38.35         	3.872627e-02
38.4          	3.870878e-02
38.45         	3.869089e-02
38.5          	3.867273e-02
38.55         	3.865462e-02
38.6          	3.863688e-02
38.65         	3.861991e-02
38.7          	3.860421e-02
38.75         	3.859028e-02
38.8          	3.857865e-02
38.85         	3.856926e-02
38.9          	3.856144e-02
38.95         	3.855453e-02
39            	3.854827e-02
39.05         	3.854258e-02
39.1          	3.853752e-02
39.15         	3.853322e-02
39.2          	3.852987e-02
39.25         	3.852777e-02
39.3          	3.852722e-02
39.35         	3.852852e-02
39.4          	3.853188e-02
39.45         	3.853742e-02
39.5          	3.854518e-02
39.55         	3.855515e-02
39.6          	3.856728e-02
39.65         	3.858135e-02
39.7          	3.859703e-02
39.75         	3.861399e-02
39.8          	3.863194e-02
39.85         	3.865068e-02
39.9          	3.866998e-02
39.95         	3.868959e-02
40            	3.870933e-02
40.05         	3.872904e-02
40.1          	3.874849e-02
40.15         	3.876757e-02
40.2          	3.878609e-02
40.25         	3.880387e-02
40.3          	3.882071e-02
40.35         	3.883636e-02
40.4          	3.885036e-02
40.45         	3.886231e-02
40.5          	3.887186e-02
40.55         	3.887856e-02
40.6          	3.888204e-02
40.65         	3.888200e-02
40.7          	3.887827e-02
40.75         	3.887088e-02
40.8          	3.886015e-02
40.85         	3.884659e-02
40.9          	3.883072e-02
40.95         	3.881301e-02
41            	3.879395e-02
41.05         	3.877400e-02
41.1          	3.875333e-02
41.15         	3.873208e-02
41.2          	3.871051e-02
41.25         	3.868892e-02
41.3          	3.866762e-02
41.35         	3.864707e-02
41.4          	3.862776e-02
41.45         	3.861028e-02
41.5          	3.859530e-02
41.55         	3.858320e-02
41.6          	3.857352e-02
41.65         	3.856553e-02
41.7          	3.855862e-02
41.75         	3.855246e-02
41.8          	3.854693e-02
41.85         	3.854206e-02
41.9          	3.853801e-02
41.95         	3.853503e-02
42            	3.853339e-02
42.05         	3.853340e-02
42.1          	3.853531e-02
42.15         	3.853931e-02
42.2          	3.854547e-02
42.25         	3.855384e-02
42.3          	3.856436e-02
42.35         	3.857692e-02
42.4          	3.859133e-02
42.45         	3.860728e-02
42.5          	3.862447e-02
42.55         	3.864267e-02
42.6          	3.866161e-02
42.65         	3.868106e-02
42.7          	3.870082e-02
42.75         	3.872069e-02
42.8          	3.874045e-02
42.85         	3.875999e-02
42.9          	3.877914e-02
42.95         	3.879776e-02
43            	3.881572e-02
43.05         	3.883278e-02
43.1          	3.884853e-02
43.15         	3.886265e-02
43.2          	3.887480e-02
43.25         	3.888450e-02
43.3          	3.889140e-02
43.35         	3.889511e-02
43.4          	3.889535e-02
43.45         	3.889187e-02
43.5          	3.888466e-02
43.55         	3.887385e-02
43.6          	3.885977e-02
43.65         	3.884287e-02
43.7          	3.882380e-02
43.75         	3.880300e-02
43.8          	3.878094e-02
43.85         	3.875787e-02
43.9          	3.873414e-02
43.95         	3.871009e-02
44            	3.868600e-02
44.05         	3.866234e-02
44.1          	3.863966e-02
44.15         	3.861841e-02
44.2          	3.859923e-02
44.25         	3.858289e-02
44.3          	3.856964e-02
44.35         	3.855903e-02
44.4          	3.855033e-02
44.45         	3.854292e-02
44.5          	3.853637e-02
44.55         	3.853043e-02
44.6          	3.852505e-02
44.65         	3.852039e-02
44.7          	3.851676e-02
44.75         	3.851445e-02
44.8          	3.851372e-02
44.85         	3.851481e-02
44.9          	3.851792e-02
44.95         	3.852318e-02
45            	3.853064e-02
45.05         	3.854026e-02
45.1          	3.855191e-02
45.15         	3.856542e-02
45.2          	3.858055e-02
45.25         	3.859705e-02
45.3          	3.861468e-02
45.35         	3.863314e-02
45.4          	3.865222e-02
45.45         	3.867172e-02
45.5          	3.869140e-02
45.55         	3.871113e-02
45.6          	3.873074e-02
45.65         	3.875008e-02
45.7          	3.876903e-02
45.75         	3.878745e-02
45.8          	3.880504e-02
45.85         	3.882146e-02
45.9          	3.883644e-02
45.95         	3.884953e-02
46            	3.886034e-02
46.05         	3.886850e-02
46.1          	3.887369e-02
46.15         	3.887558e-02
46.2          	3.887388e-02
46.25         	3.886854e-02
46.3          	3.885950e-02
46.35         	3.884689e-02
46.4          	3.883110e-02
46.45         	3.881266e-02
46.5          	3.879210e-02
46.55         	3.876995e-02
46.6          	3.874656e-02
46.65         	3.872233e-02
46.7          	3.869762e-02
46.75         	3.867286e-02
46.8          	3.864854e-02
46.85         	3.862511e-02
46.9          	3.860299e-02
46.95         	3.858274e-02
47            	3.856519e-02
47.05         	3.855071e-02
47.1          	3.853904e-02
47.15         	3.852956e-02
47.2          	3.852167e-02
47.25         	3.851481e-02
47.3          	3.850862e-02
47.35         	3.850296e-02
47.4          	3.849795e-02
47.45         	3.849387e-02
47.5          	3.849104e-02
47.55         	3.848965e-02
47.6          	3.848994e-02
47.65         	3.849212e-02
47.7          	3.849636e-02
47.75         	3.850277e-02
47.8          	3.851137e-02
47.85         	3.852211e-02
47.9          	3.853480e-02
47.95         	3.854923e-02
48            	3.856520e-02
48.05         	3.858249e-02
48.1          	3.860078e-02
48.15         	3.861981e-02
48.2          	3.863939e-02
48.25         	3.865929e-02
48.3          	3.867935e-02
48.35         	3.869937e-02
48.4          	3.871920e-02
48.45         	3.873870e-02
48.5          	3.875774e-02
48.55         	3.877608e-02
48.6          	3.879334e-02
48.65         	3.880924e-02
48.7          	3.882338e-02
48.75         	3.883535e-02
48.8          	3.884480e-02
48.85         	3.885141e-02
48.9          	3.885486e-02
48.95         	3.885480e-02
49            	3.885113e-02
49.05         	3.884376e-02
49.1          	3.883268e-02
49.15         	3.881820e-02
49.2          	3.880072e-02
49.25         	3.878080e-02
49.3          	3.875904e-02
49.35         	3.873586e-02
49.4          	3.871166e-02
49.45         	3.868690e-02
49.5          	3.866199e-02
49.55         	3.863747e-02
49.6          	3.861377e-02
49.65         	3.859130e-02
49.7          	3.857057e-02
49.75         	3.855221e-02
49.8          	3.853666e-02
49.85         	3.852394e-02
49.9          	3.851365e-02
49.95         	3.850523e-02
50            	3.849806e-02
50.05         	3.849169e-02
50.1          	3.848589e-02
50.15         	3.848071e-02
50.2          	3.847639e-02
50.25         	3.847317e-02
50.3          	3.847128e-02
50.35         	3.847093e-02
50.4          	3.847232e-02
50.45         	3.847567e-02
50.5          	3.848107e-02
50.55         	3.848863e-02
50.6          	3.849835e-02
50.65         	3.851011e-02
50.7          	3.852371e-02
50.75         	3.853898e-02
50.8          	3.855573e-02
50.85         	3.857365e-02
50.9          	3.859243e-02
50.95         	3.861185e-02
51            	3.863173e-02
51.05         	3.865185e-02
51.1          	3.867205e-02
51.15         	3.869211e-02
51.2          	3.871190e-02
51.25         	3.873125e-02
51.3          	3.874999e-02
51.35         	3.876776e-02
51.4          	3.878422e-02
51.45         	3.879904e-02
51.5          	3.881178e-02
51.55         	3.882207e-02
51.6          	3.882958e-02
51.65         	3.883400e-02
51.7          	3.883501e-02
51.75         	3.883235e-02
51.8          	3.882603e-02
51.85         	3.881605e-02
51.9          	3.880259e-02
51.95         	3.878610e-02
52            	3.876707e-02
52.05         	3.874611e-02
52.1          	3.872373e-02
52.15         	3.870029e-02
52.2          	3.867624e-02
52.25         	3.865197e-02
52.3          	3.862798e-02
52.35         	3.860475e-02
52.4          	3.858269e-02
52.45         	3.856226e-02
52.5          	3.854402e-02
52.55         	3.852841e-02
52.6          	3.851554e-02
52.65         	3.850510e-02
52.7          	3.849658e-02
52.75         	3.848937e-02
52.8          	3.848299e-02
52.85         	3.847722e-02
52.9          	3.847205e-02
52.95         	3.846770e-02
53            	3.846440e-02
53.05         	3.846234e-02
53.1          	3.846173e-02
53.15         	3.846278e-02
53.2          	3.846571e-02
53.25         	3.847065e-02
53.3          	3.847773e-02
53.35         	3.848697e-02
53.4          	3.849829e-02
53.45         	3.851154e-02
53.5          	3.852651e-02
53.55         	3.854303e-02
53.6          	3.856080e-02
53.65         	3.857950e-02
53.7          	3.859887e-02
53.75         	3.861874e-02
53.8          	3.863888e-02
53.85         	3.865913e-02
53.9          	3.867927e-02
53.95         	3.869913e-02
54            	3.871853e-02
54.05         	3.873735e-02
54.1          	3.875525e-02
54.15         	3.877184e-02
54.2          	3.878679e-02
54.25         	3.879970e-02
54.3          	3.881016e-02
54.35         	3.881784e-02
54.4          	3.882243e-02
54.45         	3.882362e-02
54.5          	3.882116e-02
54.55         	3.881500e-02
54.6          	3.880526e-02
54.65         	3.879217e-02
54.7          	3.877618e-02
54.75         	3.875776e-02
54.8          	3.873747e-02
54.85         	3.871586e-02
54.9          	3.869326e-02
54.95         	3.867006e-02
55            	3.864665e-02
55.05         	3.862345e-02
55.1          	3.860095e-02
55.15         	3.857963e-02
55.2          	3.855990e-02
55.25         	3.854230e-02
55.3          	3.852723e-02
55.35         	3.851479e-02
55.4          	3.850465e-02
55.45         	3.849632e-02
55.5          	3.848920e-02
55.55         	3.848286e-02
55.6          	3.847708e-02
55.65         	3.847191e-02
55.7          	3.846755e-02
55.75         	3.846425e-02
55.8          	3.846220e-02
55.85         	3.846159e-02
55.9          	3.846267e-02
55.95         	3.846563e-02
56            	3.847066e-02
56.05         	3.847782e-02
56.1          	3.848717e-02
56.15         	3.849860e-02
56.2          	3.851195e-02
56.25         	3.852701e-02
56.3          	3.854358e-02
56.35         	3.856139e-02
56.4          	3.858009e-02
56.45         	3.859942e-02
56.5          	3.861922e-02
56.55         	3.863926e-02
56.6          	3.865937e-02
56.65         	3.867934e-02
56.7          	3.869900e-02
56.75         	3.871818e-02
56.8          	3.873672e-02
56.85         	3.875434e-02
56.9          	3.877062e-02
56.95         	3.878520e-02
57            	3.879773e-02
57.05         	3.880776e-02
57.1          	3.881497e-02
57.15         	3.881902e-02
57.2          	3.881965e-02
57.25         	3.881662e-02
57.3          	3.880991e-02
57.35         	3.879974e-02
57.4          	3.878640e-02
57.45         	3.877036e-02
57.5          	3.875214e-02
57.55         	3.873225e-02
57.6          	3.871117e-02
57.65         	3.868922e-02
57.7          	3.866674e-02
57.75         	3.864412e-02
57.8          	3.862171e-02
57.85         	3.860000e-02
57.9          	3.857952e-02
57.95         	3.856067e-02
58            	3.854398e-02
58.05         	3.852983e-02
58.1          	3.851820e-02
58.15         	3.850869e-02
58.2          	3.850078e-02
58.25         	3.849394e-02
58.3          	3.848776e-02
58.35         	3.848209e-02
58.4          	3.847704e-02
58.45         	3.847285e-02
58.5          	3.846976e-02
58.55         	3.846796e-02
58.6          	3.846769e-02
58.65         	3.846917e-02
58.7          	3.847261e-02
58.75         	3.847818e-02
58.8          	3.848592e-02
58.85         	3.849583e-02
58.9          	3.850781e-02
58.95         	3.852166e-02
59            	3.853717e-02
59.05         	3.855411e-02
59.1          	3.857220e-02
59.15         	3.859111e-02
59.2          	3.861057e-02
59.25         	3.863043e-02
59.3          	3.865047e-02
59.35         	3.867050e-02
59.4          	3.869034e-02
59.45         	3.870981e-02
59.5          	3.872873e-02
59.55         	3.874695e-02
59.6          	3.876418e-02
59.65         	3.877999e-02
59.7          	3.879403e-02
59.75         	3.880593e-02
59.8          	3.881525e-02
59.85         	3.882165e-02
59.9          	3.882481e-02
59.95         	3.882447e-02
60            	3.882043e-02
60.05         	3.881275e-02
60.1          	3.880172e-02
60.15         	3.878771e-02
60.2          	3.877120e-02
60.25         	3.875275e-02
60.3          	3.873279e-02
60.35         	3.871176e-02
60.4          	3.868996e-02
60.45         	3.866773e-02
60.5          	3.864541e-02
60.55         	3.862335e-02
60.6          	3.860207e-02
60.65         	3.858208e-02
60.7          	3.856384e-02
60.75         	3.854787e-02
60.8          	3.853450e-02
60.85         	3.852359e-02
60.9          	3.851463e-02
60.95         	3.850708e-02
61            	3.850045e-02
61.05         	3.849440e-02
61.1          	3.848884e-02
61.15         	3.848393e-02
61.2          	3.847994e-02
61.25         	3.847710e-02
61.3          	3.847562e-02
61.35         	3.847576e-02
61.4          	3.847773e-02
61.45         	3.848173e-02
61.5          	3.848792e-02
61.55         	3.849630e-02
61.6          	3.850684e-02
61.65         	3.851938e-02
61.7          	3.853373e-02
61.75         	3.854966e-02
61.8          	3.856692e-02
61.85         	3.858523e-02
61.9          	3.860426e-02
61.95         	3.862378e-02
62            	3.864362e-02
62.05         	3.866356e-02
62.1          	3.868344e-02
62.15         	3.870308e-02
62.2          	3.872229e-02
62.25         	3.874089e-02
62.3          	3.875876e-02
62.35         	3.877554e-02
62.4          	3.879082e-02
62.45         	3.880425e-02
62.5          	3.881545e-02
62.55         	3.882398e-02
62.6          	3.882951e-02
62.65         	3.883171e-02
62.7          	3.883035e-02
62.75         	3.882527e-02
62.8          	3.881661e-02
62.85         	3.880470e-02
62.9          	3.878997e-02
62.95         	3.877292e-02
63            	3.875406e-02
63.05         	3.873385e-02
63.1          	3.871266e-02
63.15         	3.869076e-02
63.2          	3.866852e-02
63.25         	3.864623e-02
63.3          	3.862428e-02
63.35         	3.860322e-02
63.4          	3.858352e-02
63.45         	3.856569e-02
63.5          	3.855030e-02
63.55         	3.853756e-02
63.6          	3.852722e-02
63.65         	3.851871e-02
63.7          	3.851148e-02
63.75         	3.850507e-02
63.8          	3.849921e-02
63.85         	3.849386e-02
63.9          	3.848921e-02
63.95         	3.848552e-02
64            	3.848304e-02
64.05         	3.848199e-02
64.1          	3.848261e-02
64.15         	3.848512e-02
64.2          	3.848970e-02
64.25         	3.849649e-02
64.3          	3.850546e-02
64.35         	3.851656e-02
64.4          	3.852961e-02
64.45         	3.854440e-02
64.5          	3.856070e-02
64.55         	3.857826e-02
64.6          	3.859677e-02
64.65         	3.861594e-02
64.7          	3.863555e-02
64.75         	3.865544e-02
64.8          	3.867536e-02
64.85         	3.869518e-02
64.9          	3.871471e-02
64.95         	3.873377e-02
65            	3.875220e-02
65.05         	3.876983e-02
65.1          	3.878629e-02
65.15         	3.880118e-02
65.2          	3.881416e-02
65.25         	3.882481e-02
65.3          	3.883273e-02
65.35         	3.883758e-02
65.4          	3.883903e-02
65.45         	3.883687e-02
65.5          	3.883098e-02
65.55         	3.882156e-02
65.6          	3.880892e-02
65.65         	3.879353e-02
65.7          	3.877593e-02
65.75         	3.875661e-02
65.8          	3.873600e-02
65.85         	3.871445e-02
65.9          	3.869223e-02
65.95         	3.866973e-02
66            	3.864722e-02
66.05         	3.862514e-02
66.1          	3.860402e-02
66.15         	3.858429e-02
66.2          	3.856656e-02
66.25         	3.855148e-02
66.3          	3.853915e-02
66.35         	3.852912e-02
66.4          	3.852080e-02
66.45         	3.851368e-02
66.5          	3.850732e-02
66.55         	3.850148e-02
66.6          	3.849618e-02
66.65         	3.849160e-02
66.7          	3.848804e-02
66.75         	3.848574e-02
66.8          	3.848492e-02
66.85         	3.848583e-02
66.9          	3.848868e-02
66.95         	3.849365e-02
67            	3.850082e-02
67.05         	3.851019e-02
67.1          	3.852165e-02
67.15         	3.853501e-02
67.2          	3.855006e-02
67.25         	3.856656e-02
67.3          	3.858426e-02
67.35         	3.860286e-02
67.4          	3.862206e-02
67.45         	3.864167e-02
67.5          	3.866152e-02
67.55         	3.868137e-02
67.6          	3.870110e-02
67.65         	3.872050e-02
67.7          	3.873942e-02
67.75         	3.875771e-02
67.8          	3.877517e-02
67.85         	3.879138e-02
67.9          	3.880599e-02
67.95         	3.881865e-02
68            	3.882892e-02
68.05         	3.883641e-02
68.1          	3.884079e-02
68.15         	3.884176e-02
68.2          	3.883909e-02
68.25         	3.883270e-02
68.3          	3.882282e-02
68.35         	3.880974e-02
68.4          	3.879395e-02
68.45         	3.877598e-02
68.5          	3.875631e-02
68.55         	3.873539e-02
68.6          	3.871353e-02
68.65         	3.869104e-02
68.7          	3.866831e-02
68.75         	3.864561e-02
68.8          	3.862341e-02
68.85         	3.860223e-02
68.9          	3.858251e-02
68.95         	3.856489e-02
69            	3.854999e-02
69.05         	3.853782e-02
69.1          	3.852790e-02
69.15         	3.851963e-02
69.2          	3.851250e-02
69.25         	3.850610e-02
69.3          	3.850022e-02
69.35         	3.849488e-02
69.4          	3.849031e-02
69.45         	3.848682e-02
69.5          	3.848462e-02
69.55         	3.848396e-02
69.6          	3.848507e-02
69.65         	3.848817e-02
69.7          	3.849341e-02
69.75         	3.850088e-02
69.8          	3.851055e-02
69.85         	3.852229e-02
69.9          	3.853592e-02
69.95         	3.855120e-02
70            	3.856790e-02
70.05         	3.858576e-02
70.1          	3.860447e-02
70.15         	3.862375e-02
70.2          	3.864343e-02
70.25         	3.866330e-02
70.3          	3.868317e-02
70.35         	3.870289e-02
70.4          	3.872227e-02
70.45         	3.874116e-02
70.5          	3.875942e-02
70.55         	3.877681e-02
70.6          	3.879291e-02
70.65         	3.880739e-02
70.7          	3.881989e-02
70.75         	3.882995e-02
70.8          	3.883722e-02
70.85         	3.884136e-02
70.9          	3.884208e-02
70.95         	3.883914e-02
71            	3.883249e-02
71.05         	3.882235e-02
71.1          	3.880902e-02
71.15         	3.879296e-02
71.2          	3.877473e-02
71.25         	3.875478e-02
71.3          	3.873359e-02
71.35         	3.871147e-02
71.4          	3.868873e-02
71.45         	3.866577e-02
71.5          	3.864288e-02
71.55         	3.862057e-02
71.6          	3.859935e-02
71.65         	3.857963e-02
71.7          	3.856209e-02
71.75         	3.854733e-02
71.8          	3.853529e-02
71.85         	3.852550e-02
71.9          	3.851737e-02
71.95         	3.851038e-02
72            	3.850411e-02
72.05         	3.849839e-02
72.1          	3.849322e-02
72.15         	3.848885e-02
72.2          	3.848555e-02
72.25         	3.848356e-02
72.3          	3.848310e-02
72.35         	3.848440e-02
72.4          	3.848768e-02
72.45         	3.849308e-02
72.5          	3.850068e-02
72.55         	3.851047e-02
72.6          	3.852232e-02
72.65         	3.853603e-02
72.7          	3.855140e-02
72.75         	3.856820e-02
72.8          	3.858616e-02
72.85         	3.860497e-02
72.9          	3.862436e-02
72.95         	3.864415e-02
73            	3.866412e-02
73.05         	3.868410e-02
73.1          	3.870392e-02
73.15         	3.872340e-02
73.2          	3.874237e-02
73.25         	3.876071e-02
73.3          	3.877815e-02
73.35         	3.879426e-02
73.4          	3.880872e-02
73.45         	3.882117e-02
73.5          	3.883114e-02
73.55         	3.883830e-02
73.6          	3.884231e-02
73.65         	3.884287e-02
73.7          	3.883975e-02
73.75         	3.883292e-02
73.8          	3.882259e-02
73.85         	3.880903e-02
73.9          	3.879273e-02
73.95         	3.877423e-02
74            	3.875401e-02
74.05         	3.873256e-02
74.1          	3.871016e-02
74.15         	3.868717e-02
74.2          	3.866396e-02
74.25         	3.864088e-02
74.3          	3.861843e-02
74.35         	3.859710e-02
74.4          	3.857732e-02
74.45         	3.855977e-02
74.5          	3.854501e-02
74.55         	3.853297e-02
74.6          	3.852318e-02
74.65         	3.851506e-02
74.7          	3.850808e-02
74.75         	3.850182e-02
74.8          	3.849610e-02
74.85         	3.849094e-02
74.9          	3.848659e-02
74.95         	3.848332e-02
75            	3.848135e-02
75.05         	3.848091e-02
75.1          	3.848222e-02
75.15         	3.848550e-02
75.2          	3.849090e-02
75.25         	3.849849e-02
75.3          	3.850824e-02
75.35         	3.852005e-02
75.4          	3.853373e-02
75.45         	3.854906e-02
75.5          	3.856582e-02
75.55         	3.858374e-02
75.6          	3.860251e-02
75.65         	3.862185e-02
75.7          	3.864161e-02
75.75         	3.866155e-02
75.8          	3.868152e-02
75.85         	3.870132e-02
75.9          	3.872079e-02
75.95         	3.873976e-02
76            	3.875810e-02
76.05         	3.877552e-02
76.1          	3.879160e-02
76.15         	3.880603e-02
76.2          	3.881842e-02
76.25         	3.882832e-02
76.3          	3.883540e-02
76.35         	3.883931e-02
76.4          	3.883977e-02
76.45         	3.883654e-02
76.5          	3.882961e-02
76.55         	3.881919e-02
76.6          	3.880555e-02
76.65         	3.878921e-02
76.7          	3.877065e-02
76.75         	3.875040e-02
76.8          	3.872892e-02
76.85         	3.870650e-02
76.9          	3.868352e-02
76.95         	3.866034e-02
77            	3.863732e-02
77.05         	3.861496e-02
77.1          	3.859378e-02
77.15         	3.857420e-02
77.2          	3.855687e-02
77.25         	3.854226e-02
77.3          	3.853034e-02
77.35         	3.852067e-02
77.4          	3.851267e-02
77.45         	3.850580e-02
77.5          	3.849964e-02
77.55         	3.849403e-02
77.6          	3.848898e-02
77.65         	3.848475e-02
77.7          	3.848160e-02
77.75         	3.847975e-02
77.8          	3.847941e-02
77.85         	3.848083e-02
77.9          	3.848420e-02
77.95         	3.848968e-02
78            	3.849734e-02
78.05         	3.850716e-02
78.1          	3.851904e-02
78.15         	3.853277e-02
78.2          	3.854816e-02
78.25         	3.856498e-02
78.3          	3.858296e-02
78.35         	3.860177e-02
78.4          	3.862116e-02
78.45         	3.864096e-02
78.5          	3.866094e-02
78.55         	3.868095e-02
78.6          	3.870078e-02
78.65         	3.872026e-02
78.7          	3.873924e-02
78.75         	3.875757e-02
78.8          	3.877495e-02
78.85         	3.879099e-02
78.9          	3.880533e-02
78.95         	3.881761e-02
79            	3.882738e-02
79.05         	3.883430e-02
79.1          	3.883804e-02
79.15         	3.883831e-02
79.2          	3.883489e-02
79.25         	3.882776e-02
79.3          	3.881716e-02
79.35         	3.880337e-02
79.4          	3.878689e-02
79.45         	3.876824e-02
79.5          	3.874793e-02
79.55         	3.872640e-02
79.6          	3.870397e-02
79.65         	3.868100e-02
79.7          	3.865785e-02
79.75         	3.863489e-02
79.8          	3.861262e-02
79.85         	3.859156e-02
79.9          	3.857215e-02
79.95         	3.855499e-02
80            	3.854050e-02
80.05         	3.852867e-02
80.1          	3.851904e-02
80.15         	3.851104e-02
80.2          	3.850413e-02
80.25         	3.849790e-02
80.3          	3.849221e-02
80.35         	3.848709e-02
80.4          	3.848282e-02
80.45         	3.847966e-02
80.5          	3.847781e-02
80.55         	3.847752e-02
80.6          	3.847900e-02
80.65         	3.848246e-02
80.7          	3.848805e-02
80.75         	3.849583e-02
80.8          	3.850577e-02
80.85         	3.851775e-02
80.9          	3.853157e-02
80.95         	3.854702e-02
81            	3.856389e-02
81.05         	3.858188e-02
81.1          	3.860068e-02
81.15         	3.862005e-02
81.2          	3.863980e-02
81.25         	3.865971e-02
81.3          	3.867964e-02
81.35         	3.869938e-02
81.4          	3.871877e-02
81.45         	3.873764e-02
81.5          	3.875586e-02
81.55         	3.877311e-02
81.6          	3.878899e-02
81.65         	3.880317e-02
81.7          	3.881524e-02
81.75         	3.882479e-02
81.8          	3.883147e-02
81.85         	3.883496e-02
81.9          	3.883496e-02
81.95         	3.883127e-02
82            	3.882391e-02
82.05         	3.881310e-02
82.1          	3.879917e-02
82.15         	3.878263e-02
82.2          	3.876396e-02
82.25         	3.874369e-02
82.3          	3.872225e-02
82.35         	3.869993e-02
82.4          	3.867711e-02
82.45         	3.865415e-02
82.5          	3.863140e-02
82.55         	3.860938e-02
82.6          	3.858861e-02
82.65         	3.856953e-02
82.7          	3.855273e-02
82.75         	3.853860e-02
82.8          	3.852707e-02
82.85         	3.851768e-02
82.9          	3.850986e-02
82.95         	3.850308e-02
83            	3.849698e-02
83.05         	3.849139e-02
83.1          	3.848641e-02
83.15         	3.848230e-02
83.2          	3.847931e-02
83.25         	3.847766e-02
83.3          	3.847758e-02
83.35         	3.847929e-02
83.4          	3.848299e-02
83.45         	3.848883e-02
83.5          	3.849686e-02
83.55         	3.850706e-02
83.6          	3.851928e-02
83.65         	3.853334e-02
83.7          	3.854901e-02
83.75         	3.856609e-02
83.8          	3.858427e-02
83.85         	3.860323e-02
83.9          	3.862273e-02
83.95         	3.864260e-02
84            	3.866262e-02
84.05         	3.868262e-02
84.1          	3.870242e-02
84.15         	3.872183e-02
84.2          	3.874070e-02
84.25         	3.875889e-02
84.3          	3.877607e-02
84.35         	3.879183e-02
84.4          	3.880584e-02
84.45         	3.881771e-02
84.5          	3.882701e-02
84.55         	3.883339e-02
84.6          	3.883655e-02
84.65         	3.883619e-02
84.7          	3.883211e-02
84.75         	3.882437e-02
84.8          	3.881320e-02
84.85         	3.879895e-02
84.9          	3.878212e-02
84.95         	3.876325e-02
85            	3.874282e-02
85.05         	3.872127e-02
85.1          	3.869887e-02
85.15         	3.867601e-02
85.2          	3.865303e-02
85.25         	3.863031e-02
85.3          	3.860839e-02
85.35         	3.858774e-02
85.4          	3.856885e-02
85.45         	3.855229e-02
85.5          	3.853843e-02
85.55         	3.852715e-02
85.6          	3.851796e-02
85.65         	3.851028e-02
85.7          	3.850360e-02
85.75         	3.849756e-02
85.8          	3.849203e-02
85.85         	3.848712e-02
85.9          	3.848310e-02
85.95         	3.848022e-02
86            	3.847868e-02
86.05         	3.847873e-02
86.1          	3.848059e-02
86.15         	3.848445e-02
86.2          	3.849046e-02
86.25         	3.849865e-02
86.3          	3.850899e-02
86.35         	3.852135e-02
86.4          	3.853551e-02
86.45         	3.855127e-02
86.5          	3.856840e-02
86.55         	3.858660e-02
86.6          	3.860556e-02
86.65         	3.862504e-02
86.7          	3.864488e-02
86.75         	3.866484e-02
86.8          	3.868478e-02
86.85         	3.870449e-02
86.9          	3.872381e-02
86.95         	3.874258e-02
87            	3.876064e-02
87.05         	3.877765e-02
87.1          	3.879322e-02
87.15         	3.880700e-02
87.2          	3.881860e-02
87.25         	3.882758e-02
87.3          	3.883362e-02
87.35         	3.883639e-02
87.4          	3.883562e-02
87.45         	3.883113e-02
87.5          	3.882301e-02
87.55         	3.881150e-02
87.6          	3.879697e-02
87.65         	3.877995e-02
87.7          	3.876096e-02
87.75         	3.874045e-02
87.8          	3.871887e-02
87.85         	3.869647e-02
87.9          	3.867366e-02
87.95         	3.865076e-02
88            	3.862816e-02
88.05         	3.860639e-02
88.1          	3.858594e-02
88.15         	3.856729e-02
88.2          	3.855102e-02
88.25         	3.853744e-02
88.3          	3.852639e-02
88.35         	3.851732e-02
88.4          	3.850967e-02
88.45         	3.850294e-02
88.5          	3.849681e-02
88.55         	3.849118e-02
88.6          	3.848620e-02
88.65         	3.848215e-02
88.7          	3.847927e-02
88.75         	3.847780e-02
88.8          	3.847796e-02
88.85         	3.847999e-02
88.9          	3.848407e-02
88.95         	3.849035e-02
89            	3.849883e-02
89.05         	3.850946e-02
89.1          	3.852209e-02
89.15         	3.853649e-02
89.2          	3.855245e-02
89.25         	3.856973e-02
89.3          	3.858803e-02
89.35         	3.860703e-02
89.4          	3.862653e-02
89.45         	3.864634e-02
89.5          	3.866624e-02
89.55         	3.868610e-02
89.6          	3.870570e-02
89.65         	3.872489e-02
89.7          	3.874352e-02
89.75         	3.876142e-02
89.8          	3.877823e-02
89.85         	3.879357e-02
89.9          	3.880710e-02
89.95         	3.881839e-02
90            	3.882705e-02
