# Region      : all 
# Cells       : 16000
# Volume      : 2.000000e-03
# Time        	volAverage(alpha.air)
0             	0.000000e+00
0.05          	5.243093e-04
0.1           	1.024309e-03
0.15          	1.524309e-03
0.2           	2.024318e-03
0.25          	2.524318e-03
0.3           	3.024323e-03
0.35          	3.524323e-03
0.4           	4.024323e-03
0.45          	4.524323e-03
0.5           	5.024323e-03
0.55          	5.524323e-03
0.6           	6.024323e-03
0.65          	6.524326e-03
0.7           	7.024328e-03
0.75          	7.524328e-03
0.8           	8.024328e-03
0.85          	8.524330e-03
0.9           	9.024334e-03
0.95          	9.524337e-03
1             	1.002434e-02
1.05          	1.052434e-02
1.1           	1.102434e-02
1.15          	1.152434e-02
1.2           	1.202434e-02
1.25          	1.252434e-02
1.3           	1.302435e-02
1.35          	1.352435e-02
1.4           	1.402435e-02
1.45          	1.452436e-02
1.5           	1.502436e-02
1.55          	1.552437e-02
1.6           	1.602437e-02
1.65          	1.652437e-02
1.7           	1.702437e-02
1.75          	1.752437e-02
1.8           	1.802437e-02
1.85          	1.852437e-02
1.9           	1.902437e-02
1.95          	1.952438e-02
2             	2.002438e-02
2.05          	2.052439e-02
2.1           	2.102439e-02
2.15          	2.152439e-02
2.2           	2.202440e-02
2.25          	2.252440e-02
2.3           	2.302440e-02
2.35          	2.352440e-02
2.4           	2.402441e-02
2.45          	2.452441e-02
2.5           	2.502441e-02
2.55          	2.552441e-02
2.6           	2.602441e-02
2.65          	2.652441e-02
2.7           	2.702444e-02
2.75          	2.752446e-02
2.8           	2.802450e-02
2.85          	2.852451e-02
2.9           	2.902451e-02
2.95          	2.952451e-02
3             	3.002451e-02
3.05          	3.052451e-02
3.1           	3.102451e-02
3.15          	3.152453e-02
3.2           	3.202453e-02
3.25          	3.252453e-02
3.3           	3.302453e-02
3.35          	3.352453e-02
3.4           	3.402453e-02
3.45          	3.452453e-02
3.5           	3.502453e-02
3.55          	3.552453e-02
3.6           	3.602453e-02
3.65          	3.652453e-02
3.7           	3.702453e-02
3.75          	3.752453e-02
3.8           	3.802449e-02
3.85          	3.852387e-02
3.9           	3.902027e-02
3.95          	3.950839e-02
4             	3.998054e-02
4.05          	4.042787e-02
4.1           	4.084162e-02
4.15          	4.121317e-02
4.2           	4.153550e-02
4.25          	4.180156e-02
4.3           	4.200357e-02
4.35          	4.213682e-02
4.4           	4.220655e-02
4.45          	4.222846e-02
4.5           	4.223020e-02
4.55          	4.223488e-02
4.6           	4.224887e-02
4.65          	4.226689e-02
4.7           	4.228141e-02
4.75          	4.228441e-02
4.8           	4.226542e-02
4.85          	4.221549e-02
4.9           	4.213628e-02
4.95          	4.206012e-02
5             	4.201928e-02
5.05          	4.200640e-02
5.1           	4.200521e-02
5.15          	4.200522e-02
5.2           	4.199948e-02
5.25          	4.198298e-02
5.3           	4.195561e-02
5.35          	4.192548e-02
5.4           	4.190286e-02
5.45          	4.188031e-02
5.5           	4.184694e-02
5.55          	4.179932e-02
5.6           	4.174061e-02
5.65          	4.167528e-02
5.7           	4.161247e-02
5.75          	4.156272e-02
5.8           	4.152826e-02
5.85          	4.150211e-02
5.9           	4.148008e-02
5.95          	4.146161e-02
6             	4.144636e-02
6.05          	4.143351e-02
6.1           	4.142121e-02
6.15          	4.140701e-02
6.2           	4.139023e-02
6.25          	4.137148e-02
6.3           	4.135104e-02
6.35          	4.132912e-02
6.4           	4.130675e-02
6.45          	4.128487e-02
6.5           	4.126345e-02
6.55          	4.124208e-02
6.6           	4.122019e-02
6.65          	4.119689e-02
6.7           	4.117165e-02
6.75          	4.114399e-02
6.8           	4.111361e-02
6.85          	4.108062e-02
6.9           	4.104565e-02
6.95          	4.100977e-02
7             	4.097431e-02
7.05          	4.094035e-02
7.1           	4.090834e-02
7.15          	4.087863e-02
7.2           	4.085168e-02
7.25          	4.082828e-02
7.3           	4.080952e-02
7.35          	4.079691e-02
7.4           	4.079141e-02
7.45          	4.079315e-02
7.5           	4.080190e-02
7.55          	4.081753e-02
7.6           	4.083945e-02
7.65          	4.086669e-02
7.7           	4.089821e-02
7.75          	4.093290e-02
7.8           	4.096949e-02
7.85          	4.100675e-02
7.9           	4.104340e-02
7.95          	4.107815e-02
8             	4.110990e-02
8.05          	4.113749e-02
8.1           	4.115963e-02
8.15          	4.117491e-02
8.2           	4.118244e-02
8.25          	4.118184e-02
8.3           	4.117286e-02
8.35          	4.115531e-02
8.4           	4.112926e-02
8.45          	4.109549e-02
8.5           	4.105549e-02
8.55          	4.101126e-02
8.6           	4.096488e-02
8.65          	4.091797e-02
8.7           	4.087193e-02
8.75          	4.082846e-02
8.8           	4.079045e-02
8.85          	4.076110e-02
8.9           	4.074063e-02
8.95          	4.072755e-02
9             	4.072037e-02
9.05          	4.071752e-02
9.1           	4.071729e-02
9.15          	4.071845e-02
9.2           	4.072008e-02
9.25          	4.072103e-02
9.3           	4.072037e-02
9.35          	4.071719e-02
9.4           	4.071087e-02
9.45          	4.070157e-02
9.5           	4.069020e-02
9.55          	4.067869e-02
9.6           	4.066979e-02
9.65          	4.066603e-02
9.7           	4.066848e-02
9.75          	4.067598e-02
9.8           	4.068695e-02
9.85          	4.070005e-02
9.9           	4.071356e-02
9.95          	4.072586e-02
10            	4.073561e-02
10.05         	4.074095e-02
10.1          	4.073944e-02
10.15         	4.072911e-02
10.2          	4.070919e-02
10.25         	4.068164e-02
10.3          	4.065143e-02
10.35         	4.062356e-02
10.4          	4.060079e-02
10.45         	4.058460e-02
10.5          	4.057523e-02
10.55         	4.057087e-02
10.6          	4.056950e-02
10.65         	4.056985e-02
10.7          	4.057175e-02
10.75         	4.057503e-02
10.8          	4.057964e-02
10.85         	4.058545e-02
10.9          	4.059214e-02
10.95         	4.059911e-02
11            	4.060558e-02
11.05         	4.061055e-02
11.1          	4.061263e-02
11.15         	4.060989e-02
11.2          	4.060042e-02
11.25         	4.058387e-02
11.3          	4.056230e-02
11.35         	4.053979e-02
11.4          	4.052053e-02
11.45         	4.050701e-02
11.5          	4.050006e-02
11.55         	4.049996e-02
11.6          	4.050484e-02
11.65         	4.051253e-02
11.7          	4.052159e-02
11.75         	4.052976e-02
11.8          	4.053492e-02
11.85         	4.053490e-02
11.9          	4.052930e-02
11.95         	4.051881e-02
12            	4.050396e-02
12.05         	4.048433e-02
12.1          	4.045946e-02
12.15         	4.042862e-02
12.2          	4.039191e-02
12.25         	4.035040e-02
12.3          	4.030556e-02
12.35         	4.025899e-02
12.4          	4.021236e-02
12.45         	4.016747e-02
12.5          	4.012659e-02
12.55         	4.009229e-02
12.6          	4.006636e-02
12.65         	4.005013e-02
12.7          	4.004352e-02
12.75         	4.004472e-02
12.8          	4.005100e-02
12.85         	4.005997e-02
12.9          	4.006956e-02
12.95         	4.007799e-02
13            	4.008356e-02
13.05         	4.008472e-02
13.1          	4.008018e-02
13.15         	4.006924e-02
13.2          	4.005158e-02
13.25         	4.002705e-02
13.3          	3.999569e-02
13.35         	3.995840e-02
13.4          	3.991773e-02
13.45         	3.987725e-02
13.5          	3.984146e-02
13.55         	3.981498e-02
13.6          	3.980155e-02
13.65         	3.980337e-02
13.7          	3.981893e-02
13.75         	3.984582e-02
13.8          	3.988171e-02
13.85         	3.992488e-02
13.9          	3.997408e-02
13.95         	4.002824e-02
14            	4.008677e-02
14.05         	4.014927e-02
14.1          	4.021531e-02
14.15         	4.028423e-02
14.2          	4.035511e-02
14.25         	4.042616e-02
14.3          	4.049507e-02
14.35         	4.055955e-02
14.4          	4.061758e-02
14.45         	4.066736e-02
14.5          	4.070702e-02
14.55         	4.073480e-02
14.6          	4.074904e-02
14.65         	4.074908e-02
14.7          	4.073823e-02
14.75         	4.072359e-02
14.8          	4.070918e-02
14.85         	4.069380e-02
14.9          	4.067567e-02
14.95         	4.065331e-02
15            	4.062553e-02
15.05         	4.059124e-02
15.1          	4.054808e-02
15.15         	4.049329e-02
15.2          	4.042679e-02
15.25         	4.035291e-02
15.3          	4.027904e-02
15.35         	4.021218e-02
15.4          	4.015469e-02
15.45         	4.010482e-02
15.5          	4.005966e-02
15.55         	4.001628e-02
15.6          	3.997315e-02
15.65         	3.993124e-02
15.7          	3.989365e-02
15.75         	3.986361e-02
15.8          	3.984308e-02
15.85         	3.983226e-02
15.9          	3.982855e-02
15.95         	3.982855e-02
16            	3.982988e-02
16.05         	3.983127e-02
16.1          	3.983283e-02
16.15         	3.983449e-02
16.2          	3.983531e-02
16.25         	3.983554e-02
16.3          	3.983697e-02
16.35         	3.984176e-02
16.4          	3.985116e-02
16.45         	3.986599e-02
16.5          	3.988694e-02
16.55         	3.991479e-02
16.6          	3.994954e-02
16.65         	3.999060e-02
16.7          	4.003721e-02
16.75         	4.008869e-02
16.8          	4.014453e-02
16.85         	4.020491e-02
16.9          	4.027024e-02
16.95         	4.033999e-02
17            	4.041296e-02
17.05         	4.048785e-02
17.1          	4.056344e-02
17.15         	4.063836e-02
17.2          	4.071118e-02
17.25         	4.078089e-02
17.3          	4.084680e-02
17.35         	4.090831e-02
17.4          	4.096491e-02
17.45         	4.101642e-02
17.5          	4.106372e-02
17.55         	4.110785e-02
17.6          	4.114873e-02
17.65         	4.118530e-02
17.7          	4.121531e-02
17.75         	4.123675e-02
17.8          	4.124910e-02
17.85         	4.125272e-02
17.9          	4.124809e-02
17.95         	4.123515e-02
18            	4.121470e-02
18.05         	4.118869e-02
18.1          	4.115872e-02
18.15         	4.112699e-02
18.2          	4.109501e-02
18.25         	4.106242e-02
18.3          	4.102843e-02
18.35         	4.099241e-02
18.4          	4.095371e-02
18.45         	4.091226e-02
18.5          	4.086858e-02
18.55         	4.082358e-02
18.6          	4.077849e-02
18.65         	4.073457e-02
18.7          	4.069295e-02
18.75         	4.065479e-02
18.8          	4.062118e-02
18.85         	4.059299e-02
18.9          	4.057168e-02
18.95         	4.055795e-02
19            	4.055179e-02
19.05         	4.055253e-02
19.1          	4.055870e-02
19.15         	4.056843e-02
19.2          	4.057991e-02
19.25         	4.059219e-02
19.3          	4.060524e-02
19.35         	4.061955e-02
19.4          	4.063562e-02
19.45         	4.065334e-02
19.5          	4.067195e-02
19.55         	4.069070e-02
19.6          	4.070916e-02
19.65         	4.072750e-02
19.7          	4.074572e-02
19.75         	4.076348e-02
19.8          	4.077969e-02
19.85         	4.079243e-02
19.9          	4.079977e-02
19.95         	4.080014e-02
20            	4.079262e-02
20.05         	4.077698e-02
20.1          	4.075371e-02
20.15         	4.072410e-02
20.2          	4.069011e-02
20.25         	4.065420e-02
20.3          	4.061730e-02
20.35         	4.057924e-02
20.4          	4.054048e-02
20.45         	4.050228e-02
20.5          	4.046674e-02
20.55         	4.043714e-02
20.6          	4.041759e-02
20.65         	4.041124e-02
20.7          	4.041802e-02
20.75         	4.043619e-02
20.8          	4.046361e-02
20.85         	4.049821e-02
20.9          	4.053734e-02
20.95         	4.057652e-02
21            	4.061120e-02
21.05         	4.063881e-02
21.1          	4.065835e-02
21.15         	4.066937e-02
21.2          	4.067188e-02
21.25         	4.066644e-02
21.3          	4.065430e-02
21.35         	4.063578e-02
21.4          	4.060966e-02
21.45         	4.057457e-02
21.5          	4.052936e-02
21.55         	4.047398e-02
21.6          	4.041052e-02
21.65         	4.034332e-02
21.7          	4.027809e-02
21.75         	4.022300e-02
21.8          	4.018548e-02
21.85         	4.016328e-02
21.9          	4.015048e-02
21.95         	4.014248e-02
22            	4.013691e-02
22.05         	4.013292e-02
22.1          	4.013055e-02
22.15         	4.012908e-02
22.2          	4.012616e-02
22.25         	4.011988e-02
22.3          	4.011036e-02
22.35         	4.010038e-02
22.4          	4.009315e-02
22.45         	4.009051e-02
22.5          	4.009374e-02
22.55         	4.010339e-02
22.6          	4.011965e-02
22.65         	4.014248e-02
22.7          	4.017114e-02
22.75         	4.020419e-02
22.8          	4.024035e-02
22.85         	4.027899e-02
22.9          	4.031955e-02
22.95         	4.036120e-02
23            	4.040344e-02
23.05         	4.044558e-02
23.1          	4.048625e-02
23.15         	4.052347e-02
23.2          	4.055508e-02
23.25         	4.057930e-02
23.3          	4.059527e-02
23.35         	4.060324e-02
23.4          	4.060397e-02
23.45         	4.059786e-02
23.5          	4.058524e-02
23.55         	4.056673e-02
23.6          	4.054364e-02
23.65         	4.051711e-02
23.7          	4.048828e-02
23.75         	4.045776e-02
23.8          	4.042536e-02
23.85         	4.039066e-02
23.9          	4.035345e-02
23.95         	4.031362e-02
24            	4.027187e-02
24.05         	4.023173e-02
24.1          	4.019915e-02
24.15         	4.017554e-02
24.2          	4.015984e-02
24.25         	4.014901e-02
24.3          	4.014002e-02
24.35         	4.013011e-02
24.4          	4.011765e-02
24.45         	4.010273e-02
24.5          	4.008675e-02
24.55         	4.007133e-02
24.6          	4.005799e-02
24.65         	4.004797e-02
24.7          	4.004217e-02
24.75         	4.004232e-02
24.8          	4.004949e-02
24.85         	4.006258e-02
24.9          	4.007872e-02
24.95         	4.009553e-02
25            	4.011171e-02
25.05         	4.012706e-02
25.1          	4.014209e-02
25.15         	4.015713e-02
25.2          	4.017124e-02
25.25         	4.018260e-02
25.3          	4.018903e-02
25.35         	4.018843e-02
25.4          	4.017879e-02
25.45         	4.015940e-02
25.5          	4.013099e-02
25.55         	4.009378e-02
25.6          	4.004761e-02
25.65         	3.999204e-02
25.7          	3.992950e-02
25.75         	3.986682e-02
25.8          	3.981343e-02
25.85         	3.977774e-02
25.9          	3.976182e-02
25.95         	3.976346e-02
26            	3.977908e-02
26.05         	3.980447e-02
26.1          	3.983656e-02
26.15         	3.987359e-02
26.2          	3.991483e-02
26.25         	3.996006e-02
26.3          	4.000890e-02
26.35         	4.006080e-02
26.4          	4.011509e-02
26.45         	4.017095e-02
26.5          	4.022738e-02
26.55         	4.028323e-02
26.6          	4.033777e-02
26.65         	4.039007e-02
26.7          	4.043827e-02
26.75         	4.048031e-02
26.8          	4.051404e-02
26.85         	4.053788e-02
26.9          	4.055231e-02
26.95         	4.056178e-02
27            	4.057210e-02
27.05         	4.058711e-02
27.1          	4.060662e-02
27.15         	4.062733e-02
27.2          	4.064555e-02
27.25         	4.065950e-02
27.3          	4.066934e-02
27.35         	4.067597e-02
27.4          	4.067957e-02
27.45         	4.068013e-02
27.5          	4.067728e-02
27.55         	4.066995e-02
27.6          	4.065662e-02
27.65         	4.063557e-02
27.7          	4.060556e-02
27.75         	4.056551e-02
27.8          	4.051474e-02
27.85         	4.045282e-02
27.9          	4.038103e-02
27.95         	4.030562e-02
28            	4.023753e-02
28.05         	4.018242e-02
28.1          	4.013739e-02
28.15         	4.009870e-02
28.2          	4.006358e-02
28.25         	4.002887e-02
28.3          	3.999097e-02
28.35         	3.994853e-02
28.4          	3.990193e-02
28.45         	3.985172e-02
28.5          	3.979952e-02
28.55         	3.974857e-02
28.6          	3.970424e-02
28.65         	3.967231e-02
28.7          	3.965388e-02
28.75         	3.964602e-02
28.8          	3.964489e-02
28.85         	3.964777e-02
28.9          	3.965287e-02
28.95         	3.965974e-02
29            	3.966871e-02
29.05         	3.967961e-02
29.1          	3.969203e-02
29.15         	3.970560e-02
29.2          	3.972051e-02
29.25         	3.973732e-02
29.3          	3.975657e-02
29.35         	3.977862e-02
29.4          	3.980366e-02
29.45         	3.983082e-02
29.5          	3.985839e-02
29.55         	3.988405e-02
29.6          	3.990493e-02
29.65         	3.991796e-02
29.7          	3.992116e-02
29.75         	3.991510e-02
29.8          	3.990339e-02
29.85         	3.989300e-02
29.9          	3.989221e-02
29.95         	3.990361e-02
30            	3.992302e-02
30.05         	3.994391e-02
30.1          	3.996061e-02
30.15         	3.996893e-02
30.2          	3.996576e-02
30.25         	3.994933e-02
30.3          	3.991885e-02
30.35         	3.987343e-02
30.4          	3.981218e-02
30.45         	3.973539e-02
30.5          	3.964731e-02
30.55         	3.955844e-02
30.6          	3.948139e-02
30.65         	3.942223e-02
30.7          	3.938379e-02
30.75         	3.936275e-02
30.8          	3.935169e-02
30.85         	3.934641e-02
30.9          	3.934717e-02
30.95         	3.935495e-02
31            	3.936732e-02
31.05         	3.938200e-02
31.1          	3.939744e-02
31.15         	3.941277e-02
31.2          	3.942734e-02
31.25         	3.944138e-02
31.3          	3.945595e-02
31.35         	3.947252e-02
31.4          	3.949280e-02
31.45         	3.951865e-02
31.5          	3.955022e-02
31.55         	3.958586e-02
31.6          	3.962342e-02
31.65         	3.966085e-02
31.7          	3.969658e-02
31.75         	3.972944e-02
31.8          	3.975940e-02
31.85         	3.978678e-02
31.9          	3.981269e-02
31.95         	3.983835e-02
32            	3.986433e-02
32.05         	3.989085e-02
32.1          	3.991783e-02
32.15         	3.994475e-02
32.2          	3.997058e-02
32.25         	3.999449e-02
32.3          	4.001540e-02
32.35         	4.003186e-02
32.4          	4.004200e-02
32.45         	4.004405e-02
32.5          	4.003720e-02
32.55         	4.002255e-02
32.6          	4.000327e-02
32.65         	3.998423e-02
32.7          	3.996831e-02
32.75         	3.995508e-02
32.8          	3.994341e-02
32.85         	3.993365e-02
32.9          	3.992541e-02
32.95         	3.991632e-02
33            	3.990378e-02
33.05         	3.988680e-02
33.1          	3.986516e-02
33.15         	3.983821e-02
33.2          	3.980505e-02
33.25         	3.976585e-02
33.3          	3.972291e-02
33.35         	3.968072e-02
33.4          	3.964462e-02
33.45         	3.961826e-02
33.5          	3.960251e-02
33.55         	3.959646e-02
33.6          	3.959800e-02
33.65         	3.960458e-02
33.7          	3.961466e-02
33.75         	3.962698e-02
33.8          	3.964030e-02
33.85         	3.965348e-02
33.9          	3.966582e-02
33.95         	3.967647e-02
34            	3.968456e-02
34.05         	3.968927e-02
34.1          	3.969073e-02
34.15         	3.968936e-02
34.2          	3.968644e-02
34.25         	3.968379e-02
34.3          	3.968342e-02
34.35         	3.968697e-02
34.4          	3.969446e-02
34.45         	3.970369e-02
34.5          	3.971074e-02
34.55         	3.971026e-02
34.6          	3.969609e-02
34.65         	3.966571e-02
34.7          	3.962401e-02
34.75         	3.958509e-02
34.8          	3.956585e-02
34.85         	3.957144e-02
34.9          	3.959702e-02
34.95         	3.963583e-02
35            	3.968313e-02
35.05         	3.973513e-02
35.1          	3.978868e-02
35.15         	3.984118e-02
35.2          	3.989010e-02
35.25         	3.993304e-02
35.3          	3.996805e-02
35.35         	3.999409e-02
35.4          	4.001058e-02
35.45         	4.001748e-02
35.5          	4.001481e-02
35.55         	4.000276e-02
35.6          	3.998346e-02
35.65         	3.996010e-02
35.7          	3.993534e-02
35.75         	3.991027e-02
35.8          	3.988492e-02
35.85         	3.985953e-02
35.9          	3.983500e-02
35.95         	3.981366e-02
36            	3.979984e-02
36.05         	3.979986e-02
36.1          	3.981837e-02
36.15         	3.985403e-02
36.2          	3.990056e-02
36.25         	3.995209e-02
36.3          	4.000420e-02
36.35         	4.005387e-02
36.4          	4.009918e-02
36.45         	4.013924e-02
36.5          	4.017415e-02
36.55         	4.020495e-02
36.6          	4.023331e-02
36.65         	4.026122e-02
36.7          	4.029077e-02
36.75         	4.032381e-02
36.8          	4.036079e-02
36.85         	4.040061e-02
36.9          	4.044058e-02
36.95         	4.047745e-02
37            	4.050836e-02
37.05         	4.053051e-02
37.1          	4.054075e-02
37.15         	4.053604e-02
37.2          	4.051509e-02
37.25         	4.048035e-02
37.3          	4.043784e-02
37.35         	4.039465e-02
37.4          	4.035881e-02
37.45         	4.033386e-02
37.5          	4.031743e-02
37.55         	4.030639e-02
37.6          	4.029849e-02
37.65         	4.029162e-02
37.7          	4.028404e-02
37.75         	4.027408e-02
37.8          	4.026071e-02
37.85         	4.024380e-02
37.9          	4.022324e-02
37.95         	4.019825e-02
38            	4.016755e-02
38.05         	4.012956e-02
38.1          	4.008339e-02
38.15         	4.002905e-02
38.2          	3.996786e-02
38.25         	3.990237e-02
38.3          	3.983553e-02
38.35         	3.977096e-02
38.4          	3.971190e-02
38.45         	3.966055e-02
38.5          	3.961713e-02
38.55         	3.958269e-02
38.6          	3.955834e-02
38.65         	3.954244e-02
38.7          	3.953314e-02
38.75         	3.953052e-02
38.8          	3.953465e-02
38.85         	3.954508e-02
38.9          	3.956055e-02
38.95         	3.957904e-02
39            	3.959859e-02
39.05         	3.961804e-02
39.1          	3.963718e-02
39.15         	3.965637e-02
39.2          	3.967640e-02
39.25         	3.969852e-02
39.3          	3.972410e-02
39.35         	3.975422e-02
39.4          	3.978928e-02
39.45         	3.982883e-02
39.5          	3.987158e-02
39.55         	3.991590e-02
39.6          	3.996024e-02
39.65         	4.000286e-02
39.7          	4.004145e-02
39.75         	4.007364e-02
39.8          	4.009797e-02
39.85         	4.011466e-02
39.9          	4.012483e-02
39.95         	4.012938e-02
40            	4.012783e-02
40.05         	4.011944e-02
40.1          	4.010646e-02
40.15         	4.009487e-02
40.2          	4.009101e-02
40.25         	4.009692e-02
40.3          	4.011029e-02
40.35         	4.012831e-02
40.4          	4.014918e-02
40.45         	4.017080e-02
40.5          	4.019182e-02
40.55         	4.021146e-02
40.6          	4.022875e-02
40.65         	4.024302e-02
40.7          	4.025367e-02
40.75         	4.025992e-02
40.8          	4.026097e-02
40.85         	4.025652e-02
40.9          	4.024652e-02
40.95         	4.023103e-02
41            	4.021048e-02
41.05         	4.018612e-02
41.1          	4.015932e-02
41.15         	4.013128e-02
41.2          	4.010301e-02
41.25         	4.007525e-02
41.3          	4.004815e-02
41.35         	4.002098e-02
41.4          	3.999252e-02
41.45         	3.996306e-02
41.5          	3.993663e-02
41.55         	3.991822e-02
41.6          	3.990964e-02
41.65         	3.990996e-02
41.7          	3.991656e-02
41.75         	3.992658e-02
41.8          	3.993834e-02
41.85         	3.995024e-02
41.9          	3.996078e-02
41.95         	3.996879e-02
42            	3.997419e-02
42.05         	3.997886e-02
42.1          	3.998606e-02
42.15         	3.999915e-02
42.2          	4.001887e-02
42.25         	4.004325e-02
42.3          	4.006991e-02
42.35         	4.009717e-02
42.4          	4.012339e-02
42.45         	4.014799e-02
42.5          	4.017120e-02
42.55         	4.019352e-02
42.6          	4.021452e-02
42.65         	4.023308e-02
42.7          	4.024757e-02
42.75         	4.025586e-02
42.8          	4.025582e-02
42.85         	4.024536e-02
42.9          	4.022341e-02
42.95         	4.019131e-02
43            	4.015240e-02
43.05         	4.011147e-02
43.1          	4.007171e-02
43.15         	4.003246e-02
43.2          	3.999080e-02
43.25         	3.994458e-02
43.3          	3.989274e-02
43.35         	3.983438e-02
43.4          	3.977007e-02
43.45         	3.970255e-02
43.5          	3.963548e-02
43.55         	3.957320e-02
43.6          	3.952042e-02
43.65         	3.948087e-02
43.7          	3.945580e-02
43.75         	3.944319e-02
43.8          	3.944111e-02
43.85         	3.944847e-02
43.9          	3.946411e-02
43.95         	3.948646e-02
44            	3.951347e-02
44.05         	3.954370e-02
44.1          	3.957695e-02
44.15         	3.961350e-02
44.2          	3.965331e-02
44.25         	3.969593e-02
44.3          	3.974101e-02
44.35         	3.978896e-02
44.4          	3.984020e-02
44.45         	3.989459e-02
44.5          	3.995201e-02
44.55         	4.001259e-02
44.6          	4.007635e-02
44.65         	4.014259e-02
44.7          	4.020980e-02
44.75         	4.027546e-02
44.8          	4.033590e-02
44.85         	4.038679e-02
44.9          	4.042470e-02
44.95         	4.044889e-02
45            	4.046199e-02
45.05         	4.047014e-02
45.1          	4.048165e-02
45.15         	4.050097e-02
45.2          	4.052625e-02
45.25         	4.055309e-02
45.3          	4.057729e-02
45.35         	4.059517e-02
45.4          	4.060356e-02
45.45         	4.060026e-02
45.5          	4.058445e-02
45.55         	4.055648e-02
45.6          	4.051751e-02
45.65         	4.046930e-02
45.7          	4.041311e-02
45.75         	4.035075e-02
45.8          	4.028494e-02
45.85         	4.021792e-02
45.9          	4.015128e-02
45.95         	4.008654e-02
46            	4.002492e-02
46.05         	3.996670e-02
46.1          	3.991192e-02
46.15         	3.986304e-02
46.2          	3.982332e-02
46.25         	3.979323e-02
46.3          	3.977150e-02
46.35         	3.975759e-02
46.4          	3.975097e-02
46.45         	3.975108e-02
46.5          	3.975757e-02
46.55         	3.977073e-02
46.6          	3.979024e-02
46.65         	3.981498e-02
46.7          	3.984359e-02
46.75         	3.987465e-02
46.8          	3.990684e-02
46.85         	3.993854e-02
46.9          	3.996781e-02
46.95         	3.999280e-02
47            	4.001258e-02
47.05         	4.002745e-02
47.1          	4.003860e-02
47.15         	4.004854e-02
47.2          	4.005931e-02
47.25         	4.007245e-02
47.3          	4.008920e-02
47.35         	4.010965e-02
47.4          	4.013345e-02
47.45         	4.016001e-02
47.5          	4.018827e-02
47.55         	4.021702e-02
47.6          	4.024513e-02
47.65         	4.027145e-02
47.7          	4.029442e-02
47.75         	4.031235e-02
47.8          	4.032358e-02
47.85         	4.032663e-02
47.9          	4.032054e-02
47.95         	4.030485e-02
48            	4.027968e-02
48.05         	4.024556e-02
48.1          	4.020341e-02
48.15         	4.015483e-02
48.2          	4.010171e-02
48.25         	4.004525e-02
48.3          	3.998642e-02
48.35         	3.992798e-02
48.4          	3.987889e-02
48.45         	3.984696e-02
48.5          	3.983543e-02
48.55         	3.984486e-02
48.6          	3.987115e-02
48.65         	3.990981e-02
48.7          	3.995724e-02
48.75         	4.001105e-02
48.8          	4.006982e-02
48.85         	4.013273e-02
48.9          	4.019894e-02
48.95         	4.026827e-02
49            	4.034001e-02
49.05         	4.041286e-02
49.1          	4.048566e-02
49.15         	4.055786e-02
49.2          	4.062872e-02
49.25         	4.069711e-02
49.3          	4.076142e-02
49.35         	4.082028e-02
49.4          	4.087308e-02
49.45         	4.091943e-02
49.5          	4.095898e-02
49.55         	4.099122e-02
49.6          	4.101652e-02
49.65         	4.103667e-02
49.7          	4.105482e-02
49.75         	4.107370e-02
49.8          	4.109398e-02
49.85         	4.111390e-02
49.9          	4.113049e-02
49.95         	4.114078e-02
50            	4.114276e-02
50.05         	4.113558e-02
50.1          	4.111924e-02
50.15         	4.109484e-02
50.2          	4.106403e-02
50.25         	4.102822e-02
50.3          	4.098817e-02
50.35         	4.094391e-02
50.4          	4.089511e-02
50.45         	4.084147e-02
50.5          	4.078321e-02
50.55         	4.072096e-02
50.6          	4.065557e-02
50.65         	4.058871e-02
50.7          	4.052223e-02
50.75         	4.045816e-02
50.8          	4.039817e-02
50.85         	4.034357e-02
50.9          	4.029588e-02
50.95         	4.025632e-02
51            	4.022529e-02
51.05         	4.020227e-02
51.1          	4.018627e-02
51.15         	4.017607e-02
51.2          	4.017076e-02
51.25         	4.016900e-02
51.3          	4.016942e-02
51.35         	4.017057e-02
51.4          	4.017118e-02
51.45         	4.017092e-02
51.5          	4.017055e-02
51.55         	4.017128e-02
51.6          	4.017417e-02
51.65         	4.017991e-02
51.7          	4.018927e-02
51.75         	4.020299e-02
51.8          	4.022087e-02
51.85         	4.024144e-02
51.9          	4.026202e-02
51.95         	4.027965e-02
52            	4.029205e-02
52.05         	4.029827e-02
52.1          	4.029970e-02
52.15         	4.030085e-02
52.2          	4.030920e-02
52.25         	4.032987e-02
52.3          	4.036151e-02
52.35         	4.040057e-02
52.4          	4.044304e-02
52.45         	4.048483e-02
52.5          	4.052317e-02
52.55         	4.055618e-02
52.6          	4.058286e-02
52.65         	4.060329e-02
52.7          	4.061848e-02
52.75         	4.062980e-02
52.8          	4.063859e-02
52.85         	4.064533e-02
52.9          	4.064988e-02
52.95         	4.065204e-02
53            	4.065182e-02
53.05         	4.064971e-02
53.1          	4.064682e-02
53.15         	4.064431e-02
53.2          	4.064320e-02
53.25         	4.064461e-02
53.3          	4.064923e-02
53.35         	4.065689e-02
53.4          	4.066593e-02
53.45         	4.067405e-02
53.5          	4.067896e-02
53.55         	4.067854e-02
53.6          	4.067317e-02
53.65         	4.066651e-02
53.7          	4.066188e-02
53.75         	4.066084e-02
53.8          	4.066433e-02
53.85         	4.067186e-02
53.9          	4.068154e-02
53.95         	4.069166e-02
54            	4.070086e-02
54.05         	4.070821e-02
54.1          	4.071269e-02
54.15         	4.071307e-02
54.2          	4.070872e-02
54.25         	4.069971e-02
54.3          	4.068804e-02
54.35         	4.067733e-02
54.4          	4.067005e-02
54.45         	4.066502e-02
54.5          	4.065891e-02
54.55         	4.064927e-02
54.6          	4.063465e-02
54.65         	4.061448e-02
54.7          	4.058851e-02
54.75         	4.055548e-02
54.8          	4.051354e-02
54.85         	4.046267e-02
54.9          	4.040624e-02
54.95         	4.035066e-02
55            	4.030383e-02
55.05         	4.027089e-02
55.1          	4.024984e-02
55.15         	4.023626e-02
55.2          	4.022701e-02
55.25         	4.022034e-02
55.3          	4.021634e-02
55.35         	4.021508e-02
55.4          	4.021681e-02
55.45         	4.022253e-02
55.5          	4.023337e-02
55.55         	4.024982e-02
55.6          	4.027149e-02
55.65         	4.029720e-02
55.7          	4.032625e-02
55.75         	4.035755e-02
55.8          	4.038974e-02
55.85         	4.042076e-02
55.9          	4.044801e-02
55.95         	4.046914e-02
56            	4.048279e-02
56.05         	4.048901e-02
56.1          	4.048907e-02
56.15         	4.048420e-02
56.2          	4.047498e-02
56.25         	4.046049e-02
56.3          	4.044089e-02
56.35         	4.041973e-02
56.4          	4.039772e-02
56.45         	4.037141e-02
56.5          	4.033863e-02
56.55         	4.029977e-02
56.6          	4.025775e-02
56.65         	4.021688e-02
56.7          	4.017790e-02
56.75         	4.013778e-02
56.8          	4.009301e-02
56.85         	4.004151e-02
56.9          	3.998304e-02
56.95         	3.991894e-02
57            	3.985389e-02
57.05         	3.979533e-02
57.1          	3.974897e-02
57.15         	3.971609e-02
57.2          	3.969683e-02
57.25         	3.968963e-02
57.3          	3.969086e-02
57.35         	3.969765e-02
57.4          	3.970926e-02
57.45         	3.972622e-02
57.5          	3.974913e-02
57.55         	3.977834e-02
57.6          	3.981393e-02
57.65         	3.985506e-02
57.7          	3.989912e-02
57.75         	3.994267e-02
57.8          	3.998228e-02
57.85         	4.001476e-02
57.9          	4.003740e-02
57.95         	4.004874e-02
58            	4.005030e-02
58.05         	4.004722e-02
58.1          	4.004492e-02
58.15         	4.004557e-02
58.2          	4.004773e-02
58.25         	4.005047e-02
58.3          	4.005712e-02
58.35         	4.006986e-02
58.4          	4.008776e-02
58.45         	4.010996e-02
58.5          	4.013573e-02
58.55         	4.016471e-02
58.6          	4.019601e-02
58.65         	4.022842e-02
58.7          	4.026006e-02
58.75         	4.028925e-02
58.8          	4.031469e-02
58.85         	4.033513e-02
58.9          	4.034917e-02
58.95         	4.035548e-02
59            	4.035322e-02
59.05         	4.034202e-02
59.1          	4.032178e-02
59.15         	4.029368e-02
59.2          	4.026034e-02
59.25         	4.022504e-02
59.3          	4.019159e-02
59.35         	4.016262e-02
59.4          	4.014006e-02
59.45         	4.012457e-02
59.5          	4.011569e-02
59.55         	4.011258e-02
59.6          	4.011391e-02
59.65         	4.011761e-02
59.7          	4.012104e-02
59.75         	4.012214e-02
59.8          	4.011934e-02
59.85         	4.011180e-02
59.9          	4.009951e-02
59.95         	4.008312e-02
60            	4.006338e-02
60.05         	4.004138e-02
60.1          	4.001867e-02
60.15         	3.999756e-02
60.2          	3.998064e-02
60.25         	3.996984e-02
60.3          	3.996703e-02
60.35         	3.997394e-02
60.4          	3.999060e-02
60.45         	4.001603e-02
60.5          	4.004950e-02
60.55         	4.009091e-02
60.6          	4.013949e-02
60.65         	4.019323e-02
60.7          	4.024858e-02
60.75         	4.030108e-02
60.8          	4.034574e-02
60.85         	4.037872e-02
60.9          	4.039876e-02
60.95         	4.040822e-02
61            	4.041267e-02
61.05         	4.041737e-02
61.1          	4.042292e-02
61.15         	4.042611e-02
61.2          	4.042348e-02
61.25         	4.041261e-02
61.3          	4.039235e-02
61.35         	4.036304e-02
61.4          	4.032657e-02
61.45         	4.028605e-02
61.5          	4.024464e-02
61.55         	4.020508e-02
61.6          	4.016904e-02
61.65         	4.013765e-02
61.7          	4.011309e-02
61.75         	4.009646e-02
61.8          	4.008625e-02
61.85         	4.008090e-02
61.9          	4.007999e-02
61.95         	4.008309e-02
62            	4.008962e-02
62.05         	4.009924e-02
62.1          	4.011154e-02
62.15         	4.012614e-02
62.2          	4.014234e-02
62.25         	4.015918e-02
62.3          	4.017591e-02
62.35         	4.019186e-02
62.4          	4.020691e-02
62.45         	4.022103e-02
62.5          	4.023376e-02
62.55         	4.024455e-02
62.6          	4.025256e-02
62.65         	4.025638e-02
62.7          	4.025523e-02
62.75         	4.024988e-02
62.8          	4.024264e-02
62.85         	4.023742e-02
62.9          	4.023750e-02
62.95         	4.024457e-02
63            	4.025915e-02
63.05         	4.028111e-02
63.1          	4.030918e-02
63.15         	4.034131e-02
63.2          	4.037488e-02
63.25         	4.040674e-02
63.3          	4.043341e-02
63.35         	4.045126e-02
63.4          	4.045711e-02
63.45         	4.044959e-02
63.5          	4.042896e-02
63.55         	4.039551e-02
63.6          	4.035066e-02
63.65         	4.029709e-02
63.7          	4.023973e-02
63.75         	4.018550e-02
63.8          	4.013918e-02
63.85         	4.010392e-02
63.9          	4.007958e-02
63.95         	4.006450e-02
64            	4.005740e-02
64.05         	4.005686e-02
64.1          	4.006136e-02
64.15         	4.006941e-02
64.2          	4.008007e-02
64.25         	4.009202e-02
64.3          	4.010386e-02
64.35         	4.011509e-02
64.4          	4.012555e-02
64.45         	4.013498e-02
64.5          	4.014221e-02
64.55         	4.014540e-02
64.6          	4.014328e-02
64.65         	4.013608e-02
64.7          	4.012545e-02
64.75         	4.011313e-02
64.8          	4.010101e-02
64.85         	4.009082e-02
64.9          	4.008341e-02
64.95         	4.007870e-02
65            	4.007577e-02
65.05         	4.007380e-02
65.1          	4.007291e-02
65.15         	4.007411e-02
65.2          	4.007867e-02
65.25         	4.008753e-02
65.3          	4.010068e-02
65.35         	4.011739e-02
65.4          	4.013687e-02
65.45         	4.015808e-02
65.5          	4.017954e-02
65.55         	4.020020e-02
65.6          	4.021905e-02
65.65         	4.023477e-02
65.7          	4.024588e-02
65.75         	4.025100e-02
65.8          	4.024972e-02
65.85         	4.024192e-02
65.9          	4.022692e-02
65.95         	4.020329e-02
66            	4.017062e-02
66.05         	4.013133e-02
66.1          	4.008928e-02
66.15         	4.004645e-02
66.2          	4.000431e-02
66.25         	3.996417e-02
66.3          	3.992640e-02
66.35         	3.989068e-02
66.4          	3.985531e-02
66.45         	3.981953e-02
66.5          	3.978263e-02
66.55         	3.974476e-02
66.6          	3.970745e-02
66.65         	3.967280e-02
66.7          	3.964166e-02
66.75         	3.961389e-02
66.8          	3.958964e-02
66.85         	3.956686e-02
66.9          	3.954368e-02
66.95         	3.952108e-02
67            	3.950219e-02
67.05         	3.948930e-02
67.1          	3.948163e-02
67.15         	3.947774e-02
67.2          	3.947622e-02
67.25         	3.947562e-02
67.3          	3.947491e-02
67.35         	3.947405e-02
67.4          	3.947387e-02
67.45         	3.947389e-02
67.5          	3.947214e-02
67.55         	3.946754e-02
67.6          	3.946083e-02
67.65         	3.945304e-02
67.7          	3.944643e-02
67.75         	3.944371e-02
67.8          	3.944474e-02
67.85         	3.944923e-02
67.9          	3.945734e-02
67.95         	3.946773e-02
68            	3.947963e-02
68.05         	3.949352e-02
68.1          	3.950972e-02
68.15         	3.952764e-02
68.2          	3.954691e-02
68.25         	3.956811e-02
68.3          	3.959155e-02
68.35         	3.961649e-02
68.4          	3.964129e-02
68.45         	3.966385e-02
68.5          	3.968318e-02
68.55         	3.969902e-02
68.6          	3.971179e-02
68.65         	3.972247e-02
68.7          	3.973255e-02
68.75         	3.974421e-02
68.8          	3.975951e-02
68.85         	3.977937e-02
68.9          	3.980443e-02
68.95         	3.983548e-02
69            	3.987284e-02
69.05         	3.991528e-02
69.1          	3.996046e-02
69.15         	4.000493e-02
69.2          	4.004408e-02
69.25         	4.007427e-02
69.3          	4.009490e-02
69.35         	4.010819e-02
69.4          	4.011699e-02
69.45         	4.012567e-02
69.5          	4.014563e-02
69.55         	4.018309e-02
69.6          	4.022735e-02
69.65         	4.026605e-02
69.7          	4.029493e-02
69.75         	4.031695e-02
69.8          	4.033683e-02
69.85         	4.035796e-02
69.9          	4.038131e-02
69.95         	4.040597e-02
70            	4.043084e-02
70.05         	4.045520e-02
70.1          	4.047805e-02
70.15         	4.049810e-02
70.2          	4.051371e-02
70.25         	4.052446e-02
70.3          	4.053177e-02
70.35         	4.053833e-02
70.4          	4.054722e-02
70.45         	4.056079e-02
70.5          	4.057936e-02
70.55         	4.060110e-02
70.6          	4.062371e-02
70.65         	4.064531e-02
70.7          	4.066476e-02
70.75         	4.068138e-02
70.8          	4.069489e-02
70.85         	4.070546e-02
70.9          	4.071385e-02
70.95         	4.072137e-02
71            	4.072874e-02
71.05         	4.073479e-02
71.1          	4.073760e-02
71.15         	4.073679e-02
71.2          	4.073418e-02
71.25         	4.073114e-02
71.3          	4.072856e-02
71.35         	4.072675e-02
71.4          	4.072445e-02
71.45         	4.071960e-02
71.5          	4.071115e-02
71.55         	4.069881e-02
71.6          	4.068172e-02
71.65         	4.065766e-02
71.7          	4.062400e-02
71.75         	4.057867e-02
71.8          	4.052242e-02
71.85         	4.045879e-02
71.9          	4.039075e-02
71.95         	4.032083e-02
72            	4.025478e-02
72.05         	4.020389e-02
72.1          	4.017615e-02
72.15         	4.016753e-02
72.2          	4.017111e-02
72.25         	4.018256e-02
72.3          	4.019922e-02
72.35         	4.021914e-02
72.4          	4.024069e-02
72.45         	4.026164e-02
72.5          	4.028123e-02
72.55         	4.029892e-02
72.6          	4.031406e-02
72.65         	4.032660e-02
72.7          	4.033613e-02
72.75         	4.034206e-02
72.8          	4.034393e-02
72.85         	4.034221e-02
72.9          	4.033779e-02
72.95         	4.033018e-02
73            	4.031873e-02
73.05         	4.030516e-02
73.1          	4.029178e-02
73.15         	4.028001e-02
73.2          	4.026969e-02
73.25         	4.025869e-02
73.3          	4.024497e-02
73.35         	4.022794e-02
73.4          	4.020940e-02
73.45         	4.019284e-02
73.5          	4.018085e-02
73.55         	4.017604e-02
73.6          	4.017978e-02
73.65         	4.019105e-02
73.7          	4.020807e-02
73.75         	4.022976e-02
73.8          	4.025562e-02
73.85         	4.028552e-02
73.9          	4.032046e-02
73.95         	4.036193e-02
74            	4.041013e-02
74.05         	4.046312e-02
74.1          	4.051770e-02
74.15         	4.057051e-02
74.2          	4.061910e-02
74.25         	4.066270e-02
74.3          	4.070186e-02
74.35         	4.073756e-02
74.4          	4.077059e-02
74.45         	4.080114e-02
74.5          	4.082841e-02
74.55         	4.085102e-02
74.6          	4.086766e-02
74.65         	4.087712e-02
74.7          	4.087764e-02
74.75         	4.086719e-02
74.8          	4.084362e-02
74.85         	4.080464e-02
74.9          	4.074955e-02
74.95         	4.068130e-02
75            	4.060563e-02
75.05         	4.052954e-02
75.1          	4.045815e-02
75.15         	4.039620e-02
75.2          	4.034869e-02
75.25         	4.031587e-02
75.3          	4.029131e-02
75.35         	4.026755e-02
75.4          	4.024046e-02
75.45         	4.021034e-02
75.5          	4.018433e-02
75.55         	4.017321e-02
75.6          	4.017872e-02
75.65         	4.019286e-02
75.7          	4.020871e-02
75.75         	4.022220e-02
75.8          	4.023089e-02
75.85         	4.023471e-02
75.9          	4.023526e-02
75.95         	4.023534e-02
76            	4.023706e-02
76.05         	4.024087e-02
76.1          	4.024646e-02
76.15         	4.025335e-02
76.2          	4.026087e-02
76.25         	4.026788e-02
76.3          	4.027306e-02
76.35         	4.027514e-02
76.4          	4.027302e-02
76.45         	4.026546e-02
76.5          	4.025173e-02
76.55         	4.023165e-02
76.6          	4.020521e-02
76.65         	4.017234e-02
76.7          	4.013238e-02
76.75         	4.008461e-02
76.8          	4.003060e-02
76.85         	3.997575e-02
76.9          	3.992443e-02
76.95         	3.987984e-02
77            	3.984613e-02
77.05         	3.982332e-02
77.1          	3.981197e-02
77.15         	3.981332e-02
77.2          	3.982759e-02
77.25         	3.985571e-02
77.3          	3.989911e-02
77.35         	3.995753e-02
77.4          	4.002803e-02
77.45         	4.010579e-02
77.5          	4.018504e-02
77.55         	4.026086e-02
77.6          	4.033071e-02
77.65         	4.039412e-02
77.7          	4.045200e-02
77.75         	4.050559e-02
77.8          	4.055580e-02
77.85         	4.060271e-02
77.9          	4.064607e-02
77.95         	4.068570e-02
78            	4.072160e-02
78.05         	4.075360e-02
78.1          	4.078115e-02
78.15         	4.080340e-02
78.2          	4.081976e-02
78.25         	4.082952e-02
78.3          	4.083128e-02
78.35         	4.082338e-02
78.4          	4.080506e-02
78.45         	4.077777e-02
78.5          	4.074695e-02
78.55         	4.071728e-02
78.6          	4.068939e-02
78.65         	4.066391e-02
78.7          	4.064100e-02
78.75         	4.061984e-02
78.8          	4.059875e-02
78.85         	4.057596e-02
78.9          	4.055026e-02
78.95         	4.052137e-02
79            	4.048983e-02
79.05         	4.045731e-02
79.1          	4.042580e-02
79.15         	4.039670e-02
79.2          	4.037099e-02
79.25         	4.034917e-02
79.3          	4.033139e-02
79.35         	4.031751e-02
79.4          	4.030637e-02
79.45         	4.029594e-02
79.5          	4.028418e-02
79.55         	4.026975e-02
79.6          	4.025175e-02
79.65         	4.023140e-02
79.7          	4.021298e-02
79.75         	4.020048e-02
79.8          	4.019471e-02
79.85         	4.019501e-02
79.9          	4.020016e-02
79.95         	4.020903e-02
80            	4.022106e-02
80.05         	4.023620e-02
80.1          	4.025486e-02
80.15         	4.027744e-02
80.2          	4.030446e-02
80.25         	4.033604e-02
80.3          	4.037193e-02
80.35         	4.041169e-02
80.4          	4.045474e-02
80.45         	4.049988e-02
80.5          	4.054555e-02
80.55         	4.058985e-02
80.6          	4.063057e-02
80.65         	4.066583e-02
80.7          	4.069468e-02
80.75         	4.071712e-02
80.8          	4.073428e-02
80.85         	4.074786e-02
80.9          	4.075863e-02
80.95         	4.076629e-02
81            	4.076963e-02
81.05         	4.076743e-02
81.1          	4.075912e-02
81.15         	4.074433e-02
81.2          	4.072313e-02
81.25         	4.069617e-02
81.3          	4.066487e-02
81.35         	4.063108e-02
81.4          	4.059647e-02
81.45         	4.056270e-02
81.5          	4.053087e-02
81.55         	4.050114e-02
81.6          	4.047279e-02
81.65         	4.044495e-02
81.7          	4.041720e-02
81.75         	4.038991e-02
81.8          	4.036410e-02
81.85         	4.034093e-02
81.9          	4.032128e-02
81.95         	4.030536e-02
82            	4.029408e-02
82.05         	4.028804e-02
82.1          	4.028653e-02
82.15         	4.028774e-02
82.2          	4.029029e-02
82.25         	4.029398e-02
82.3          	4.029960e-02
82.35         	4.030858e-02
82.4          	4.032265e-02
82.45         	4.034148e-02
82.5          	4.036268e-02
82.55         	4.038378e-02
82.6          	4.040314e-02
82.65         	4.041996e-02
82.7          	4.043411e-02
82.75         	4.044606e-02
82.8          	4.045594e-02
82.85         	4.046364e-02
82.9          	4.046863e-02
82.95         	4.046954e-02
83            	4.046491e-02
83.05         	4.045350e-02
83.1          	4.043388e-02
83.15         	4.040501e-02
83.2          	4.036685e-02
83.25         	4.031945e-02
83.3          	4.026137e-02
83.35         	4.019192e-02
83.4          	4.011603e-02
83.45         	4.004521e-02
83.5          	3.998864e-02
83.55         	3.994891e-02
83.6          	3.992430e-02
83.65         	3.991122e-02
83.7          	3.990677e-02
83.75         	3.990900e-02
83.8          	3.991653e-02
83.85         	3.992814e-02
83.9          	3.994247e-02
83.95         	3.995794e-02
84            	3.997263e-02
84.05         	3.998449e-02
84.1          	3.999249e-02
84.15         	3.999696e-02
84.2          	4.000045e-02
84.25         	4.000627e-02
84.3          	4.001691e-02
84.35         	4.003364e-02
84.4          	4.005641e-02
84.45         	4.008427e-02
84.5          	4.011588e-02
84.55         	4.014964e-02
84.6          	4.018444e-02
84.65         	4.021946e-02
84.7          	4.025395e-02
84.75         	4.028781e-02
84.8          	4.032106e-02
84.85         	4.035321e-02
84.9          	4.038303e-02
84.95         	4.040925e-02
85            	4.043106e-02
85.05         	4.044814e-02
85.1          	4.045999e-02
85.15         	4.046533e-02
85.2          	4.046227e-02
85.25         	4.044906e-02
85.3          	4.042419e-02
85.35         	4.038706e-02
85.4          	4.033791e-02
85.45         	4.027787e-02
85.5          	4.020961e-02
85.55         	4.013799e-02
85.6          	4.006883e-02
85.65         	4.000715e-02
85.7          	3.995416e-02
85.75         	3.990913e-02
85.8          	3.987123e-02
85.85         	3.983924e-02
85.9          	3.981158e-02
85.95         	3.978682e-02
86            	3.976377e-02
86.05         	3.974206e-02
86.1          	3.972294e-02
86.15         	3.970802e-02
86.2          	3.969758e-02
86.25         	3.969119e-02
86.3          	3.968829e-02
86.35         	3.968821e-02
86.4          	3.969106e-02
86.45         	3.969823e-02
86.5          	3.971148e-02
86.55         	3.973143e-02
86.6          	3.975746e-02
86.65         	3.978819e-02
86.7          	3.982260e-02
86.75         	3.986013e-02
86.8          	3.990036e-02
86.85         	3.994315e-02
86.9          	3.998832e-02
86.95         	4.003549e-02
87            	4.008417e-02
87.05         	4.013388e-02
87.1          	4.018420e-02
87.15         	4.023467e-02
87.2          	4.028477e-02
87.25         	4.033362e-02
87.3          	4.038017e-02
87.35         	4.042310e-02
87.4          	4.046077e-02
87.45         	4.049112e-02
87.5          	4.051192e-02
87.55         	4.052167e-02
87.6          	4.052021e-02
87.65         	4.050889e-02
87.7          	4.048972e-02
87.75         	4.046465e-02
87.8          	4.043478e-02
87.85         	4.040135e-02
87.9          	4.036598e-02
87.95         	4.032909e-02
88            	4.029076e-02
88.05         	4.025154e-02
88.1          	4.021158e-02
88.15         	4.017046e-02
88.2          	4.012842e-02
88.25         	4.008669e-02
88.3          	4.004701e-02
88.35         	4.001078e-02
88.4          	3.997835e-02
88.45         	3.994857e-02
88.5          	3.991950e-02
88.55         	3.988927e-02
88.6          	3.985684e-02
88.65         	3.982371e-02
88.7          	3.979382e-02
88.75         	3.977061e-02
88.8          	3.975518e-02
88.85         	3.974575e-02
88.9          	3.974085e-02
88.95         	3.973897e-02
89            	3.973885e-02
89.05         	3.974075e-02
89.1          	3.974618e-02
89.15         	3.975698e-02
89.2          	3.977347e-02
89.25         	3.979468e-02
89.3          	3.981882e-02
89.35         	3.984361e-02
89.4          	3.986696e-02
89.45         	3.988775e-02
89.5          	3.990598e-02
89.55         	3.992190e-02
89.6          	3.993515e-02
89.65         	3.994477e-02
89.7          	3.994959e-02
89.75         	3.994860e-02
89.8          	3.994153e-02
89.85         	3.992869e-02
89.9          	3.991052e-02
89.95         	3.988683e-02
90            	3.985703e-02
