# Region      : all 
# Cells       : 32000
# Volume      : 2.000000e-03
# Time        	volAverage(alpha.air)
0             	0.000000e+00
0.05          	5.337272e-04
0.1           	1.033727e-03
0.15          	1.533727e-03
0.2           	2.033727e-03
0.25          	2.533727e-03
0.3           	3.033728e-03
0.35          	3.533729e-03
0.4           	4.033729e-03
0.45          	4.533729e-03
0.5           	5.033729e-03
0.55          	5.533729e-03
0.6           	6.033729e-03
0.65          	6.533729e-03
0.7           	7.033729e-03
0.75          	7.533729e-03
0.8           	8.033729e-03
0.85          	8.533729e-03
0.9           	9.033729e-03
0.95          	9.533729e-03
1             	1.003373e-02
1.05          	1.053373e-02
1.1           	1.103373e-02
1.15          	1.153373e-02
1.2           	1.203373e-02
1.25          	1.253373e-02
1.3           	1.303373e-02
1.35          	1.353373e-02
1.4           	1.403373e-02
1.45          	1.453373e-02
1.5           	1.503373e-02
1.55          	1.553373e-02
1.6           	1.603373e-02
1.65          	1.653373e-02
1.7           	1.703373e-02
1.75          	1.753373e-02
1.8           	1.803373e-02
1.85          	1.853373e-02
1.9           	1.903373e-02
1.95          	1.953373e-02
2             	2.003373e-02
2.05          	2.053373e-02
2.1           	2.103373e-02
2.15          	2.153373e-02
2.2           	2.203373e-02
2.25          	2.253373e-02
2.3           	2.303373e-02
2.35          	2.353373e-02
2.4           	2.403373e-02
2.45          	2.453373e-02
2.5           	2.503373e-02
2.55          	2.553373e-02
2.6           	2.603373e-02
2.65          	2.653373e-02
2.7           	2.703373e-02
2.75          	2.753373e-02
2.8           	2.803373e-02
2.85          	2.853373e-02
2.9           	2.903373e-02
2.95          	2.953373e-02
3             	3.003373e-02
3.05          	3.053373e-02
3.1           	3.103373e-02
3.15          	3.153373e-02
3.2           	3.203373e-02
3.25          	3.253373e-02
3.3           	3.303373e-02
3.35          	3.353373e-02
3.4           	3.403373e-02
3.45          	3.453373e-02
3.5           	3.503373e-02
3.55          	3.553373e-02
3.6           	3.603373e-02
3.65          	3.653373e-02
3.7           	3.703373e-02
3.75          	3.753373e-02
3.8           	3.803369e-02
3.85          	3.853310e-02
3.9           	3.902958e-02
3.95          	3.951795e-02
4             	3.999082e-02
4.05          	4.043958e-02
4.1           	4.085503e-02
4.15          	4.122688e-02
4.2           	4.154461e-02
4.25          	4.180175e-02
4.3           	4.199857e-02
4.35          	4.214020e-02
4.4           	4.223036e-02
4.45          	4.227432e-02
4.5           	4.228347e-02
4.55          	4.227474e-02
4.6           	4.226256e-02
4.65          	4.225255e-02
4.7           	4.223943e-02
4.75          	4.221316e-02
4.8           	4.215991e-02
4.85          	4.206866e-02
4.9           	4.194237e-02
4.95          	4.181400e-02
5             	4.172983e-02
5.05          	4.169706e-02
5.1           	4.169936e-02
5.15          	4.172154e-02
5.2           	4.175238e-02
5.25          	4.178474e-02
5.3           	4.181457e-02
5.35          	4.183926e-02
5.4           	4.185824e-02
5.45          	4.187242e-02
5.5           	4.188136e-02
5.55          	4.188426e-02
5.6           	4.188432e-02
5.65          	4.188636e-02
5.7           	4.189244e-02
5.75          	4.190133e-02
5.8           	4.191136e-02
5.85          	4.192043e-02
5.9           	4.192704e-02
5.95          	4.193254e-02
6             	4.193859e-02
6.05          	4.194414e-02
6.1           	4.194997e-02
6.15          	4.196234e-02
6.2           	4.198223e-02
6.25          	4.200419e-02
6.3           	4.202453e-02
6.35          	4.204284e-02
6.4           	4.205935e-02
6.45          	4.207412e-02
6.5           	4.208609e-02
6.55          	4.209375e-02
6.6           	4.209616e-02
6.65          	4.209320e-02
6.7           	4.208527e-02
6.75          	4.207231e-02
6.8           	4.205339e-02
6.85          	4.202730e-02
6.9           	4.199327e-02
6.95          	4.195112e-02
7             	4.190104e-02
7.05          	4.184355e-02
7.1           	4.177953e-02
7.15          	4.171033e-02
7.2           	4.163721e-02
7.25          	4.156065e-02
7.3           	4.148099e-02
7.35          	4.139930e-02
7.4           	4.131741e-02
7.45          	4.123665e-02
7.5           	4.115675e-02
7.55          	4.107722e-02
7.6           	4.100272e-02
7.65          	4.094239e-02
7.7           	4.090335e-02
7.75          	4.088874e-02
7.8           	4.089263e-02
7.85          	4.090767e-02
7.9           	4.093011e-02
7.95          	4.096004e-02
8             	4.099821e-02
8.05          	4.104402e-02
8.1           	4.109569e-02
8.15          	4.115074e-02
8.2           	4.120454e-02
8.25          	4.125186e-02
8.3           	4.129055e-02
8.35          	4.132317e-02
8.4           	4.135404e-02
8.45          	4.138385e-02
8.5           	4.141029e-02
8.55          	4.143214e-02
8.6           	4.144935e-02
8.65          	4.146147e-02
8.7           	4.146781e-02
8.75          	4.146782e-02
8.8           	4.146120e-02
8.85          	4.144795e-02
8.9           	4.142817e-02
8.95          	4.140202e-02
9             	4.137045e-02
9.05          	4.133527e-02
9.1           	4.129864e-02
9.15          	4.126231e-02
9.2           	4.122668e-02
9.25          	4.119193e-02
9.3           	4.115898e-02
9.35          	4.112993e-02
9.4           	4.110828e-02
9.45          	4.109562e-02
9.5           	4.109183e-02
9.55          	4.109502e-02
9.6           	4.110391e-02
9.65          	4.111797e-02
9.7           	4.113636e-02
9.75          	4.115844e-02
9.8           	4.118341e-02
9.85          	4.121060e-02
9.9           	4.123933e-02
9.95          	4.126894e-02
10            	4.129878e-02
10.05         	4.132823e-02
10.1          	4.135651e-02
10.15         	4.138270e-02
10.2          	4.140570e-02
10.25         	4.142427e-02
10.3          	4.143697e-02
10.35         	4.144230e-02
10.4          	4.143919e-02
10.45         	4.142746e-02
10.5          	4.140778e-02
10.55         	4.138189e-02
10.6          	4.135222e-02
10.65         	4.132155e-02
10.7          	4.129291e-02
10.75         	4.126896e-02
10.8          	4.125045e-02
10.85         	4.123641e-02
10.9          	4.122550e-02
10.95         	4.121685e-02
11            	4.121049e-02
11.05         	4.120657e-02
11.1          	4.120562e-02
11.15         	4.120769e-02
11.2          	4.121231e-02
11.25         	4.121934e-02
11.3          	4.122823e-02
11.35         	4.123763e-02
11.4          	4.124672e-02
11.45         	4.125410e-02
11.5          	4.125646e-02
11.55         	4.124808e-02
11.6          	4.122314e-02
11.65         	4.117967e-02
11.7          	4.112154e-02
11.75         	4.105642e-02
11.8          	4.099430e-02
11.85         	4.094329e-02
11.9          	4.090763e-02
11.95         	4.088722e-02
12            	4.087877e-02
12.05         	4.087902e-02
12.1          	4.088514e-02
12.15         	4.089592e-02
12.2          	4.091075e-02
12.25         	4.092905e-02
12.3          	4.094958e-02
12.35         	4.097143e-02
12.4          	4.099371e-02
12.45         	4.101568e-02
12.5          	4.103694e-02
12.55         	4.105728e-02
12.6          	4.107671e-02
12.65         	4.109596e-02
12.7          	4.111536e-02
12.75         	4.113496e-02
12.8          	4.115458e-02
12.85         	4.117414e-02
12.9          	4.119385e-02
12.95         	4.121391e-02
13            	4.123407e-02
13.05         	4.125372e-02
13.1          	4.127206e-02
13.15         	4.128872e-02
13.2          	4.130340e-02
13.25         	4.131530e-02
13.3          	4.132332e-02
13.35         	4.132658e-02
13.4          	4.132371e-02
13.45         	4.131331e-02
13.5          	4.129433e-02
13.55         	4.126601e-02
13.6          	4.122801e-02
13.65         	4.118141e-02
13.7          	4.112945e-02
13.75         	4.107755e-02
13.8          	4.103220e-02
13.85         	4.099980e-02
13.9          	4.098448e-02
13.95         	4.098422e-02
14            	4.099265e-02
14.05         	4.100463e-02
14.1          	4.101807e-02
14.15         	4.103215e-02
14.2          	4.104593e-02
14.25         	4.105818e-02
14.3          	4.106825e-02
14.35         	4.107608e-02
14.4          	4.108134e-02
14.45         	4.108383e-02
14.5          	4.108326e-02
14.55         	4.107867e-02
14.6          	4.106880e-02
14.65         	4.105361e-02
14.7          	4.103518e-02
14.75         	4.101648e-02
14.8          	4.100086e-02
14.85         	4.099164e-02
14.9          	4.099054e-02
14.95         	4.099714e-02
15            	4.100935e-02
15.05         	4.102474e-02
15.1          	4.104157e-02
15.15         	4.105924e-02
15.2          	4.107771e-02
15.25         	4.109707e-02
15.3          	4.111740e-02
15.35         	4.113982e-02
15.4          	4.116424e-02
15.45         	4.119072e-02
15.5          	4.121835e-02
15.55         	4.124488e-02
15.6          	4.126810e-02
15.65         	4.128562e-02
15.7          	4.129539e-02
15.75         	4.129559e-02
15.8          	4.128469e-02
15.85         	4.126213e-02
15.9          	4.122917e-02
15.95         	4.118924e-02
16            	4.114747e-02
16.05         	4.110909e-02
16.1          	4.107788e-02
16.15         	4.105472e-02
16.2          	4.103792e-02
16.25         	4.102586e-02
16.3          	4.101752e-02
16.35         	4.101260e-02
16.4          	4.101079e-02
16.45         	4.101145e-02
16.5          	4.101367e-02
16.55         	4.101680e-02
16.6          	4.102009e-02
16.65         	4.102244e-02
16.7          	4.102309e-02
16.75         	4.102208e-02
16.8          	4.101867e-02
16.85         	4.101286e-02
16.9          	4.100496e-02
16.95         	4.099557e-02
17            	4.098586e-02
17.05         	4.097684e-02
17.1          	4.097250e-02
17.15         	4.097722e-02
17.2          	4.099078e-02
17.25         	4.100823e-02
17.3          	4.103009e-02
17.35         	4.105679e-02
17.4          	4.108641e-02
17.45         	4.111765e-02
17.5          	4.114948e-02
17.55         	4.118221e-02
17.6          	4.121666e-02
17.65         	4.125313e-02
17.7          	4.129094e-02
17.75         	4.132886e-02
17.8          	4.136611e-02
17.85         	4.140188e-02
17.9          	4.143559e-02
17.95         	4.146651e-02
18            	4.149479e-02
18.05         	4.152043e-02
18.1          	4.154374e-02
18.15         	4.156554e-02
18.2          	4.158686e-02
18.25         	4.160819e-02
18.3          	4.162940e-02
18.35         	4.164972e-02
18.4          	4.166826e-02
18.45         	4.168416e-02
18.5          	4.169643e-02
18.55         	4.170401e-02
18.6          	4.170590e-02
18.65         	4.170113e-02
18.7          	4.168881e-02
18.75         	4.166811e-02
18.8          	4.163830e-02
18.85         	4.159879e-02
18.9          	4.154903e-02
18.95         	4.148893e-02
19            	4.141938e-02
19.05         	4.134158e-02
19.1          	4.125664e-02
19.15         	4.116486e-02
19.2          	4.106597e-02
19.25         	4.096063e-02
19.3          	4.085086e-02
19.35         	4.074089e-02
19.4          	4.063922e-02
19.45         	4.055683e-02
19.5          	4.049858e-02
19.55         	4.046059e-02
19.6          	4.043752e-02
19.65         	4.042668e-02
19.7          	4.042568e-02
19.75         	4.043114e-02
19.8          	4.043994e-02
19.85         	4.044880e-02
19.9          	4.045484e-02
19.95         	4.045671e-02
20            	4.045337e-02
20.05         	4.044421e-02
20.1          	4.042906e-02
20.15         	4.040832e-02
20.2          	4.038276e-02
20.25         	4.035373e-02
20.3          	4.032254e-02
20.35         	4.028985e-02
20.4          	4.025567e-02
20.45         	4.021972e-02
20.5          	4.018183e-02
20.55         	4.014229e-02
20.6          	4.010152e-02
20.65         	4.006003e-02
20.7          	4.001850e-02
20.75         	3.997768e-02
20.8          	3.993846e-02
20.85         	3.990131e-02
20.9          	3.986669e-02
20.95         	3.983515e-02
21            	3.980702e-02
21.05         	3.978228e-02
21.1          	3.976054e-02
21.15         	3.974160e-02
21.2          	3.972498e-02
21.25         	3.971022e-02
21.3          	3.969698e-02
21.35         	3.968466e-02
21.4          	3.967331e-02
21.45         	3.966368e-02
21.5          	3.965731e-02
21.55         	3.965495e-02
21.6          	3.965646e-02
21.65         	3.966138e-02
21.7          	3.966968e-02
21.75         	3.968071e-02
21.8          	3.969385e-02
21.85         	3.970952e-02
21.9          	3.972715e-02
21.95         	3.974591e-02
22            	3.976649e-02
22.05         	3.978768e-02
22.1          	3.980956e-02
22.15         	3.983272e-02
22.2          	3.985668e-02
22.25         	3.988149e-02
22.3          	3.990789e-02
22.35         	3.993626e-02
22.4          	3.996596e-02
22.45         	3.999669e-02
22.5          	4.002856e-02
22.55         	4.006178e-02
22.6          	4.009640e-02
22.65         	4.013231e-02
22.7          	4.016927e-02
22.75         	4.020696e-02
22.8          	4.024502e-02
22.85         	4.028309e-02
22.9          	4.032101e-02
22.95         	4.035858e-02
23            	4.039563e-02
23.05         	4.043210e-02
23.1          	4.046803e-02
23.15         	4.050355e-02
23.2          	4.053891e-02
23.25         	4.057428e-02
23.3          	4.060977e-02
23.35         	4.064531e-02
23.4          	4.068080e-02
23.45         	4.071618e-02
23.5          	4.075126e-02
23.55         	4.078599e-02
23.6          	4.082037e-02
23.65         	4.085452e-02
23.7          	4.088842e-02
23.75         	4.092195e-02
23.8          	4.095497e-02
23.85         	4.098736e-02
23.9          	4.101888e-02
23.95         	4.104920e-02
24            	4.107800e-02
24.05         	4.110515e-02
24.1          	4.113066e-02
24.15         	4.115460e-02
24.2          	4.117708e-02
24.25         	4.119824e-02
24.3          	4.121826e-02
24.35         	4.123738e-02
24.4          	4.125589e-02
24.45         	4.127403e-02
24.5          	4.129200e-02
24.55         	4.131005e-02
24.6          	4.132855e-02
24.65         	4.134792e-02
24.7          	4.136863e-02
24.75         	4.139125e-02
24.8          	4.141657e-02
24.85         	4.144569e-02
24.9          	4.148003e-02
24.95         	4.152082e-02
25            	4.156849e-02
25.05         	4.162229e-02
25.1          	4.168062e-02
25.15         	4.174156e-02
25.2          	4.180272e-02
25.25         	4.186119e-02
25.3          	4.191390e-02
25.35         	4.195815e-02
25.4          	4.199215e-02
25.45         	4.201508e-02
25.5          	4.202664e-02
25.55         	4.202723e-02
25.6          	4.201789e-02
25.65         	4.199991e-02
25.7          	4.197454e-02
25.75         	4.194334e-02
25.8          	4.190784e-02
25.85         	4.186921e-02
25.9          	4.182834e-02
25.95         	4.178579e-02
26            	4.174225e-02
26.05         	4.169795e-02
26.1          	4.165227e-02
26.15         	4.160378e-02
26.2          	4.155121e-02
26.25         	4.149362e-02
26.3          	4.142944e-02
26.35         	4.135820e-02
26.4          	4.128201e-02
26.45         	4.120151e-02
26.5          	4.111826e-02
26.55         	4.103433e-02
26.6          	4.094848e-02
26.65         	4.086448e-02
26.7          	4.078725e-02
26.75         	4.072042e-02
26.8          	4.066655e-02
26.85         	4.062581e-02
26.9          	4.059786e-02
26.95         	4.058089e-02
27            	4.057243e-02
27.05         	4.057010e-02
27.1          	4.057295e-02
27.15         	4.057987e-02
27.2          	4.058929e-02
27.25         	4.059956e-02
27.3          	4.060870e-02
27.35         	4.061659e-02
27.4          	4.062294e-02
27.45         	4.062757e-02
27.5          	4.063205e-02
27.55         	4.063851e-02
27.6          	4.064593e-02
27.65         	4.065184e-02
27.7          	4.065359e-02
27.75         	4.065737e-02
27.8          	4.066513e-02
27.85         	4.067581e-02
27.9          	4.068831e-02
27.95         	4.070170e-02
28            	4.071606e-02
28.05         	4.073215e-02
28.1          	4.074949e-02
28.15         	4.076683e-02
28.2          	4.078371e-02
28.25         	4.079998e-02
28.3          	4.081600e-02
28.35         	4.083272e-02
28.4          	4.084957e-02
28.45         	4.086704e-02
28.5          	4.088591e-02
28.55         	4.090741e-02
28.6          	4.093218e-02
28.65         	4.096056e-02
28.7          	4.099327e-02
28.75         	4.103075e-02
28.8          	4.107257e-02
28.85         	4.111787e-02
28.9          	4.116640e-02
28.95         	4.121868e-02
29            	4.127625e-02
29.05         	4.133977e-02
29.1          	4.140809e-02
29.15         	4.147879e-02
29.2          	4.154873e-02
29.25         	4.161433e-02
29.3          	4.167243e-02
29.35         	4.172068e-02
29.4          	4.175742e-02
29.45         	4.178161e-02
29.5          	4.179286e-02
29.55         	4.179145e-02
29.6          	4.177820e-02
29.65         	4.175436e-02
29.7          	4.172185e-02
29.75         	4.168290e-02
29.8          	4.163985e-02
29.85         	4.159472e-02
29.9          	4.154912e-02
29.95         	4.150446e-02
30            	4.146202e-02
30.05         	4.142279e-02
30.1          	4.138765e-02
30.15         	4.135707e-02
30.2          	4.133139e-02
30.25         	4.131064e-02
30.3          	4.129451e-02
30.35         	4.128250e-02
30.4          	4.127381e-02
30.45         	4.126745e-02
30.5          	4.126216e-02
30.55         	4.125672e-02
30.6          	4.125005e-02
30.65         	4.124213e-02
30.7          	4.123397e-02
30.75         	4.122673e-02
30.8          	4.122079e-02
30.85         	4.121386e-02
30.9          	4.120534e-02
30.95         	4.119687e-02
31            	4.118877e-02
31.05         	4.118275e-02
31.1          	4.118237e-02
31.15         	4.118678e-02
31.2          	4.119221e-02
31.25         	4.119569e-02
31.3          	4.119444e-02
31.35         	4.118614e-02
31.4          	4.116947e-02
31.45         	4.114552e-02
31.5          	4.111619e-02
31.55         	4.108280e-02
31.6          	4.104570e-02
31.65         	4.100507e-02
31.7          	4.096127e-02
31.75         	4.091535e-02
31.8          	4.086936e-02
31.85         	4.082490e-02
31.9          	4.078413e-02
31.95         	4.074872e-02
32            	4.071976e-02
32.05         	4.069731e-02
32.1          	4.068067e-02
32.15         	4.066832e-02
32.2          	4.065795e-02
32.25         	4.064789e-02
32.3          	4.063668e-02
32.35         	4.062409e-02
32.4          	4.061102e-02
32.45         	4.059863e-02
32.5          	4.058886e-02
32.55         	4.058411e-02
32.6          	4.058610e-02
32.65         	4.059534e-02
32.7          	4.061148e-02
32.75         	4.063391e-02
32.8          	4.066176e-02
32.85         	4.069391e-02
32.9          	4.072954e-02
32.95         	4.076739e-02
33            	4.080715e-02
33.05         	4.084789e-02
33.1          	4.088886e-02
33.15         	4.092959e-02
33.2          	4.096965e-02
33.25         	4.100800e-02
33.3          	4.104387e-02
33.35         	4.107762e-02
33.4          	4.110720e-02
33.45         	4.113057e-02
33.5          	4.114758e-02
33.55         	4.115850e-02
33.6          	4.116241e-02
33.65         	4.116040e-02
33.7          	4.115263e-02
33.75         	4.113979e-02
33.8          	4.112195e-02
33.85         	4.109836e-02
33.9          	4.106912e-02
33.95         	4.103355e-02
34            	4.099036e-02
34.05         	4.093927e-02
34.1          	4.087974e-02
34.15         	4.081241e-02
34.2          	4.073968e-02
34.25         	4.066501e-02
34.3          	4.059153e-02
34.35         	4.052271e-02
34.4          	4.046093e-02
34.45         	4.040684e-02
34.5          	4.035943e-02
34.55         	4.031673e-02
34.6          	4.027775e-02
34.65         	4.024248e-02
34.7          	4.021146e-02
34.75         	4.018530e-02
34.8          	4.016444e-02
34.85         	4.014988e-02
34.9          	4.014248e-02
34.95         	4.014322e-02
35            	4.015281e-02
35.05         	4.017163e-02
35.1          	4.019943e-02
35.15         	4.023583e-02
35.2          	4.028011e-02
35.25         	4.033125e-02
35.3          	4.038795e-02
35.35         	4.044960e-02
35.4          	4.051565e-02
35.45         	4.058486e-02
35.5          	4.065508e-02
35.55         	4.072399e-02
35.6          	4.078963e-02
35.65         	4.085006e-02
35.7          	4.090406e-02
35.75         	4.095130e-02
35.8          	4.099170e-02
35.85         	4.102611e-02
35.9          	4.105469e-02
35.95         	4.107815e-02
36            	4.109700e-02
36.05         	4.111067e-02
36.1          	4.111972e-02
36.15         	4.112314e-02
36.2          	4.112030e-02
36.25         	4.111049e-02
36.3          	4.109267e-02
36.35         	4.106631e-02
36.4          	4.103113e-02
36.45         	4.098852e-02
36.5          	4.094032e-02
36.55         	4.088880e-02
36.6          	4.083832e-02
36.65         	4.079093e-02
36.7          	4.074729e-02
36.75         	4.070885e-02
36.8          	4.067634e-02
36.85         	4.064913e-02
36.9          	4.062779e-02
36.95         	4.061173e-02
37            	4.059950e-02
37.05         	4.059087e-02
37.1          	4.058591e-02
37.15         	4.058600e-02
37.2          	4.059484e-02
37.25         	4.061406e-02
37.3          	4.064273e-02
37.35         	4.067917e-02
37.4          	4.072190e-02
37.45         	4.076990e-02
37.5          	4.082256e-02
37.55         	4.087914e-02
37.6          	4.093809e-02
37.65         	4.099707e-02
37.7          	4.105338e-02
37.75         	4.110498e-02
37.8          	4.115074e-02
37.85         	4.119033e-02
37.9          	4.122416e-02
37.95         	4.125294e-02
38            	4.127714e-02
38.05         	4.129694e-02
38.1          	4.131240e-02
38.15         	4.132371e-02
38.2          	4.133129e-02
38.25         	4.133539e-02
38.3          	4.133579e-02
38.35         	4.133152e-02
38.4          	4.132130e-02
38.45         	4.130400e-02
38.5          	4.127898e-02
38.55         	4.124639e-02
38.6          	4.120666e-02
38.65         	4.116033e-02
38.7          	4.111003e-02
38.75         	4.105844e-02
38.8          	4.100899e-02
38.85         	4.096585e-02
38.9          	4.093030e-02
38.95         	4.090660e-02
39            	4.089750e-02
39.05         	4.090350e-02
39.1          	4.092490e-02
39.15         	4.095598e-02
39.2          	4.098938e-02
39.25         	4.102028e-02
39.3          	4.104646e-02
39.35         	4.106787e-02
39.4          	4.108572e-02
39.45         	4.110066e-02
39.5          	4.111390e-02
39.55         	4.112653e-02
39.6          	4.113905e-02
39.65         	4.115093e-02
39.7          	4.116114e-02
39.75         	4.116837e-02
39.8          	4.117008e-02
39.85         	4.116434e-02
39.9          	4.115026e-02
39.95         	4.112755e-02
40            	4.109588e-02
40.05         	4.105468e-02
40.1          	4.100336e-02
40.15         	4.094258e-02
40.2          	4.087486e-02
40.25         	4.080331e-02
40.3          	4.073012e-02
40.35         	4.065758e-02
40.4          	4.058887e-02
40.45         	4.052672e-02
40.5          	4.047204e-02
40.55         	4.042389e-02
40.6          	4.038179e-02
40.65         	4.034466e-02
40.7          	4.031155e-02
40.75         	4.028205e-02
40.8          	4.025630e-02
40.85         	4.023437e-02
40.9          	4.021604e-02
40.95         	4.020060e-02
41            	4.018753e-02
41.05         	4.017750e-02
41.1          	4.017167e-02
41.15         	4.017173e-02
41.2          	4.018038e-02
41.25         	4.019881e-02
41.3          	4.022609e-02
41.35         	4.025961e-02
41.4          	4.029560e-02
41.45         	4.033024e-02
41.5          	4.036075e-02
41.55         	4.038559e-02
41.6          	4.040509e-02
41.65         	4.042058e-02
41.7          	4.043298e-02
41.75         	4.044296e-02
41.8          	4.045118e-02
41.85         	4.045818e-02
41.9          	4.046385e-02
41.95         	4.046869e-02
42            	4.047344e-02
42.05         	4.047815e-02
42.1          	4.048473e-02
42.15         	4.049538e-02
42.2          	4.051177e-02
42.25         	4.053286e-02
42.3          	4.055879e-02
42.35         	4.058857e-02
42.4          	4.061966e-02
42.45         	4.064981e-02
42.5          	4.067895e-02
42.55         	4.070724e-02
42.6          	4.073439e-02
42.65         	4.075939e-02
42.7          	4.078013e-02
42.75         	4.079421e-02
42.8          	4.079967e-02
42.85         	4.079511e-02
42.9          	4.077989e-02
42.95         	4.075451e-02
43            	4.072050e-02
43.05         	4.067984e-02
43.1          	4.063472e-02
43.15         	4.058702e-02
43.2          	4.053843e-02
43.25         	4.048967e-02
43.3          	4.044091e-02
43.35         	4.039215e-02
43.4          	4.034307e-02
43.45         	4.029390e-02
43.5          	4.024612e-02
43.55         	4.020180e-02
43.6          	4.016216e-02
43.65         	4.012737e-02
43.7          	4.009694e-02
43.75         	4.007147e-02
43.8          	4.005288e-02
43.85         	4.004347e-02
43.9          	4.004351e-02
43.95         	4.005068e-02
44            	4.006111e-02
44.05         	4.006975e-02
44.1          	4.007359e-02
44.15         	4.007303e-02
44.2          	4.007258e-02
44.25         	4.007871e-02
44.3          	4.009514e-02
44.35         	4.012402e-02
44.4          	4.016572e-02
44.45         	4.021665e-02
44.5          	4.027158e-02
44.55         	4.032696e-02
44.6          	4.037981e-02
44.65         	4.042646e-02
44.7          	4.046190e-02
44.75         	4.048320e-02
44.8          	4.048511e-02
44.85         	4.046685e-02
44.9          	4.043374e-02
44.95         	4.039507e-02
45            	4.036416e-02
45.05         	4.035584e-02
45.1          	4.037619e-02
45.15         	4.042027e-02
45.2          	4.047950e-02
45.25         	4.054719e-02
45.3          	4.061785e-02
45.35         	4.068722e-02
45.4          	4.075182e-02
45.45         	4.080868e-02
45.5          	4.085719e-02
45.55         	4.089724e-02
45.6          	4.093001e-02
45.65         	4.095764e-02
45.7          	4.098147e-02
45.75         	4.100074e-02
45.8          	4.101408e-02
45.85         	4.102061e-02
45.9          	4.102021e-02
45.95         	4.101395e-02
46            	4.100257e-02
46.05         	4.098638e-02
46.1          	4.096578e-02
46.15         	4.094269e-02
46.2          	4.092061e-02
46.25         	4.090333e-02
46.3          	4.089296e-02
46.35         	4.089124e-02
46.4          	4.090007e-02
46.45         	4.091970e-02
46.5          	4.094716e-02
46.55         	4.097856e-02
46.6          	4.100876e-02
46.65         	4.103223e-02
46.7          	4.105027e-02
46.75         	4.107437e-02
46.8          	4.111738e-02
46.85         	4.118342e-02
46.9          	4.126612e-02
46.95         	4.135920e-02
47            	4.145769e-02
47.05         	4.155741e-02
47.1          	4.165384e-02
47.15         	4.174186e-02
47.2          	4.181636e-02
47.25         	4.187302e-02
47.3          	4.190910e-02
47.35         	4.192600e-02
47.4          	4.193094e-02
47.45         	4.193378e-02
47.5          	4.194082e-02
47.55         	4.195274e-02
47.6          	4.196721e-02
47.65         	4.198184e-02
47.7          	4.199508e-02
47.75         	4.200534e-02
47.8          	4.201148e-02
47.85         	4.201263e-02
47.9          	4.200787e-02
47.95         	4.199700e-02
48            	4.198068e-02
48.05         	4.195973e-02
48.1          	4.193402e-02
48.15         	4.190220e-02
48.2          	4.186258e-02
48.25         	4.181336e-02
48.3          	4.175354e-02
48.35         	4.168220e-02
48.4          	4.159961e-02
48.45         	4.150897e-02
48.5          	4.141524e-02
48.55         	4.132419e-02
48.6          	4.124280e-02
48.65         	4.117489e-02
48.7          	4.111626e-02
48.75         	4.106514e-02
48.8          	4.102204e-02
48.85         	4.099082e-02
48.9          	4.097274e-02
48.95         	4.096734e-02
49            	4.097908e-02
49.05         	4.100661e-02
49.1          	4.105204e-02
49.15         	4.111501e-02
49.2          	4.119127e-02
49.25         	4.127719e-02
49.3          	4.136817e-02
49.35         	4.145999e-02
49.4          	4.154971e-02
49.45         	4.163668e-02
49.5          	4.172239e-02
49.55         	4.180839e-02
49.6          	4.189292e-02
49.65         	4.197251e-02
49.7          	4.204324e-02
49.75         	4.210256e-02
49.8          	4.215039e-02
49.85         	4.218881e-02
49.9          	4.222107e-02
49.95         	4.224976e-02
50            	4.227548e-02
50.05         	4.229680e-02
50.1          	4.231173e-02
50.15         	4.231940e-02
50.2          	4.232080e-02
50.25         	4.231715e-02
50.3          	4.230792e-02
50.35         	4.229184e-02
50.4          	4.226774e-02
50.45         	4.223463e-02
50.5          	4.219176e-02
50.55         	4.213876e-02
50.6          	4.207558e-02
50.65         	4.200230e-02
50.7          	4.191981e-02
50.75         	4.183047e-02
50.8          	4.173796e-02
50.85         	4.164772e-02
50.9          	4.156563e-02
50.95         	4.149333e-02
51            	4.143378e-02
51.05         	4.139018e-02
51.1          	4.136257e-02
51.15         	4.135089e-02
51.2          	4.135327e-02
51.25         	4.136672e-02
51.3          	4.138801e-02
51.35         	4.141490e-02
51.4          	4.144730e-02
51.45         	4.148513e-02
51.5          	4.152780e-02
51.55         	4.157384e-02
51.6          	4.162127e-02
51.65         	4.166799e-02
51.7          	4.171187e-02
51.75         	4.175153e-02
51.8          	4.178580e-02
51.85         	4.181323e-02
51.9          	4.183381e-02
51.95         	4.184616e-02
52            	4.184797e-02
52.05         	4.183875e-02
52.1          	4.181908e-02
52.15         	4.178997e-02
52.2          	4.175483e-02
52.25         	4.171725e-02
52.3          	4.167922e-02
52.35         	4.164175e-02
52.4          	4.160607e-02
52.45         	4.157283e-02
52.5          	4.154210e-02
52.55         	4.151295e-02
52.6          	4.148310e-02
52.65         	4.145057e-02
52.7          	4.141422e-02
52.75         	4.137334e-02
52.8          	4.132709e-02
52.85         	4.127406e-02
52.9          	4.121322e-02
52.95         	4.114486e-02
53            	4.107065e-02
53.05         	4.099323e-02
53.1          	4.091619e-02
53.15         	4.084372e-02
53.2          	4.078020e-02
53.25         	4.072820e-02
53.3          	4.069023e-02
53.35         	4.066800e-02
53.4          	4.066084e-02
53.45         	4.067343e-02
53.5          	4.071336e-02
53.55         	4.077589e-02
53.6          	4.085035e-02
53.65         	4.093062e-02
53.7          	4.101429e-02
53.75         	4.109999e-02
53.8          	4.118606e-02
53.85         	4.127078e-02
53.9          	4.135236e-02
53.95         	4.142855e-02
54            	4.149701e-02
54.05         	4.155571e-02
54.1          	4.160329e-02
54.15         	4.163930e-02
54.2          	4.166394e-02
54.25         	4.167768e-02
54.3          	4.168113e-02
54.35         	4.167504e-02
54.4          	4.166004e-02
54.45         	4.163668e-02
54.5          	4.160494e-02
54.55         	4.156449e-02
54.6          	4.151509e-02
54.65         	4.145710e-02
54.7          	4.139165e-02
54.75         	4.131999e-02
54.8          	4.124316e-02
54.85         	4.116185e-02
54.9          	4.107700e-02
54.95         	4.099086e-02
55            	4.090766e-02
55.05         	4.083373e-02
55.1          	4.077693e-02
55.15         	4.074505e-02
55.2          	4.074150e-02
55.25         	4.076363e-02
55.3          	4.080529e-02
55.35         	4.085909e-02
55.4          	4.091722e-02
55.45         	4.097327e-02
55.5          	4.102380e-02
55.55         	4.106865e-02
55.6          	4.110912e-02
55.65         	4.114659e-02
55.7          	4.118193e-02
55.75         	4.121552e-02
55.8          	4.124717e-02
55.85         	4.127585e-02
55.9          	4.130025e-02
55.95         	4.131929e-02
56            	4.133248e-02
56.05         	4.133974e-02
56.1          	4.134077e-02
56.15         	4.133455e-02
56.2          	4.132080e-02
56.25         	4.130098e-02
56.3          	4.127801e-02
56.35         	4.125606e-02
56.4          	4.123805e-02
56.45         	4.122395e-02
56.5          	4.121260e-02
56.55         	4.120098e-02
56.6          	4.118642e-02
56.65         	4.116521e-02
56.7          	4.113388e-02
56.75         	4.109234e-02
56.8          	4.104241e-02
56.85         	4.098536e-02
56.9          	4.092235e-02
56.95         	4.085563e-02
57            	4.078736e-02
57.05         	4.071866e-02
57.1          	4.065103e-02
57.15         	4.058734e-02
57.2          	4.052881e-02
57.25         	4.047311e-02
57.3          	4.041695e-02
57.35         	4.036591e-02
57.4          	4.033950e-02
57.45         	4.034091e-02
57.5          	4.035953e-02
57.55         	4.038799e-02
57.6          	4.042244e-02
57.65         	4.046082e-02
57.7          	4.050168e-02
57.75         	4.054333e-02
57.8          	4.058370e-02
57.85         	4.062092e-02
57.9          	4.065415e-02
57.95         	4.068357e-02
58            	4.070929e-02
58.05         	4.073111e-02
58.1          	4.074889e-02
58.15         	4.076289e-02
58.2          	4.077321e-02
58.25         	4.077905e-02
58.3          	4.077879e-02
58.35         	4.077054e-02
58.4          	4.075261e-02
58.45         	4.072474e-02
58.5          	4.068923e-02
58.55         	4.064974e-02
58.6          	4.061050e-02
58.65         	4.057271e-02
58.7          	4.053625e-02
58.75         	4.050055e-02
58.8          	4.046514e-02
58.85         	4.042839e-02
58.9          	4.038972e-02
58.95         	4.035011e-02
59            	4.031095e-02
59.05         	4.027297e-02
59.1          	4.023936e-02
59.15         	4.021310e-02
59.2          	4.019542e-02
59.25         	4.018642e-02
59.3          	4.018420e-02
59.35         	4.018681e-02
59.4          	4.019230e-02
59.45         	4.020226e-02
59.5          	4.021995e-02
59.55         	4.024724e-02
59.6          	4.028146e-02
59.65         	4.031824e-02
59.7          	4.035478e-02
59.75         	4.039008e-02
59.8          	4.042349e-02
59.85         	4.045495e-02
59.9          	4.048552e-02
59.95         	4.051706e-02
60            	4.055124e-02
60.05         	4.058883e-02
60.1          	4.062969e-02
60.15         	4.067357e-02
60.2          	4.072019e-02
60.25         	4.076927e-02
60.3          	4.081999e-02
60.35         	4.087112e-02
60.4          	4.092107e-02
60.45         	4.096853e-02
60.5          	4.101295e-02
60.55         	4.105440e-02
60.6          	4.109283e-02
60.65         	4.112780e-02
60.7          	4.115865e-02
60.75         	4.118466e-02
60.8          	4.120543e-02
60.85         	4.122095e-02
60.9          	4.123137e-02
60.95         	4.123694e-02
61            	4.123788e-02
61.05         	4.123408e-02
61.1          	4.122513e-02
61.15         	4.121039e-02
61.2          	4.118902e-02
61.25         	4.116017e-02
61.3          	4.112329e-02
61.35         	4.107806e-02
61.4          	4.102489e-02
61.45         	4.096452e-02
61.5          	4.089873e-02
61.55         	4.082976e-02
61.6          	4.075972e-02
61.65         	4.069035e-02
61.7          	4.062414e-02
61.75         	4.056438e-02
61.8          	4.051286e-02
61.85         	4.047063e-02
61.9          	4.044004e-02
61.95         	4.042215e-02
62            	4.041583e-02
62.05         	4.041964e-02
62.1          	4.043143e-02
62.15         	4.044858e-02
62.2          	4.046830e-02
62.25         	4.048793e-02
62.3          	4.050461e-02
62.35         	4.051600e-02
62.4          	4.052195e-02
62.45         	4.052409e-02
62.5          	4.052462e-02
62.55         	4.052483e-02
62.6          	4.052456e-02
62.65         	4.052273e-02
62.7          	4.051832e-02
62.75         	4.051096e-02
62.8          	4.050154e-02
62.85         	4.049267e-02
62.9          	4.048757e-02
62.95         	4.048860e-02
63            	4.049607e-02
63.05         	4.050881e-02
63.1          	4.052514e-02
63.15         	4.054363e-02
63.2          	4.056296e-02
63.25         	4.058146e-02
63.3          	4.059724e-02
63.35         	4.060871e-02
63.4          	4.061528e-02
63.45         	4.061678e-02
63.5          	4.061329e-02
63.55         	4.060539e-02
63.6          	4.059424e-02
63.65         	4.058068e-02
63.7          	4.056319e-02
63.75         	4.053940e-02
63.8          	4.050891e-02
63.85         	4.047507e-02
63.9          	4.044374e-02
63.95         	4.042029e-02
64            	4.040628e-02
64.05         	4.040197e-02
64.1          	4.040623e-02
64.15         	4.041698e-02
64.2          	4.043192e-02
64.25         	4.044893e-02
64.3          	4.046669e-02
64.35         	4.048505e-02
64.4          	4.050438e-02
64.45         	4.052561e-02
64.5          	4.054993e-02
64.55         	4.057879e-02
64.6          	4.061320e-02
64.65         	4.065350e-02
64.7          	4.069954e-02
64.75         	4.075038e-02
64.8          	4.080507e-02
64.85         	4.086266e-02
64.9          	4.092219e-02
64.95         	4.098201e-02
65            	4.103966e-02
65.05         	4.109281e-02
65.1          	4.114041e-02
65.15         	4.118242e-02
65.2          	4.121943e-02
65.25         	4.125245e-02
65.3          	4.128355e-02
65.35         	4.131395e-02
65.4          	4.134213e-02
65.45         	4.136756e-02
65.5          	4.138981e-02
65.55         	4.140899e-02
65.6          	4.142458e-02
65.65         	4.143454e-02
65.7          	4.143784e-02
65.75         	4.143485e-02
65.8          	4.142570e-02
65.85         	4.141078e-02
65.9          	4.138967e-02
65.95         	4.136267e-02
66            	4.133154e-02
66.05         	4.129653e-02
66.1          	4.125798e-02
66.15         	4.121758e-02
66.2          	4.117669e-02
66.25         	4.113599e-02
66.3          	4.109542e-02
66.35         	4.105440e-02
66.4          	4.101379e-02
66.45         	4.097661e-02
66.5          	4.094602e-02
66.55         	4.092509e-02
66.6          	4.091204e-02
66.65         	4.090407e-02
66.7          	4.089977e-02
66.75         	4.089871e-02
66.8          	4.090120e-02
66.85         	4.090836e-02
66.9          	4.092081e-02
66.95         	4.093835e-02
67            	4.096000e-02
67.05         	4.098430e-02
67.1          	4.100967e-02
67.15         	4.103493e-02
67.2          	4.105968e-02
67.25         	4.108398e-02
67.3          	4.110824e-02
67.35         	4.113345e-02
67.4          	4.116033e-02
67.45         	4.118862e-02
67.5          	4.121737e-02
67.55         	4.124547e-02
67.6          	4.127182e-02
67.65         	4.129542e-02
67.7          	4.131573e-02
67.75         	4.133248e-02
67.8          	4.134541e-02
67.85         	4.135429e-02
67.9          	4.135877e-02
67.95         	4.135871e-02
68            	4.135436e-02
68.05         	4.134624e-02
68.1          	4.133488e-02
68.15         	4.132039e-02
68.2          	4.130257e-02
68.25         	4.128110e-02
68.3          	4.125556e-02
68.35         	4.122598e-02
68.4          	4.119328e-02
68.45         	4.115857e-02
68.5          	4.112296e-02
68.55         	4.108849e-02
68.6          	4.105883e-02
68.65         	4.103840e-02
68.7          	4.103242e-02
68.75         	4.104479e-02
68.8          	4.107615e-02
68.85         	4.112361e-02
68.9          	4.118240e-02
68.95         	4.124894e-02
69            	4.132100e-02
69.05         	4.139710e-02
69.1          	4.147677e-02
69.15         	4.155828e-02
69.2          	4.163914e-02
69.25         	4.171782e-02
69.3          	4.179300e-02
69.35         	4.186328e-02
69.4          	4.192764e-02
69.45         	4.198551e-02
69.5          	4.203570e-02
69.55         	4.207686e-02
69.6          	4.210762e-02
69.65         	4.212673e-02
69.7          	4.213323e-02
69.75         	4.212663e-02
69.8          	4.210705e-02
69.85         	4.207516e-02
69.9          	4.203192e-02
69.95         	4.197909e-02
70            	4.191821e-02
70.05         	4.184945e-02
70.1          	4.177168e-02
70.15         	4.168376e-02
70.2          	4.158508e-02
70.25         	4.147482e-02
70.3          	4.135214e-02
70.35         	4.121876e-02
70.4          	4.108210e-02
70.45         	4.095480e-02
70.5          	4.084330e-02
70.55         	4.074978e-02
70.6          	4.067663e-02
70.65         	4.062553e-02
70.7          	4.059421e-02
70.75         	4.057719e-02
70.8          	4.056966e-02
70.85         	4.056717e-02
70.9          	4.056712e-02
70.95         	4.056908e-02
71            	4.057415e-02
71.05         	4.058335e-02
71.1          	4.059604e-02
71.15         	4.061065e-02
71.2          	4.062555e-02
71.25         	4.063981e-02
71.3          	4.065288e-02
71.35         	4.066480e-02
71.4          	4.067638e-02
71.45         	4.068892e-02
71.5          	4.070305e-02
71.55         	4.071865e-02
71.6          	4.073525e-02
71.65         	4.075353e-02
71.7          	4.077352e-02
71.75         	4.079378e-02
71.8          	4.081197e-02
71.85         	4.082446e-02
71.9          	4.083024e-02
71.95         	4.082949e-02
72            	4.082208e-02
72.05         	4.080819e-02
72.1          	4.078912e-02
72.15         	4.076756e-02
72.2          	4.074563e-02
72.25         	4.072520e-02
72.3          	4.070829e-02
72.35         	4.069586e-02
72.4          	4.068828e-02
72.45         	4.068412e-02
72.5          	4.068075e-02
72.55         	4.067450e-02
72.6          	4.066306e-02
72.65         	4.064743e-02
72.7          	4.063218e-02
72.75         	4.062109e-02
72.8          	4.061583e-02
72.85         	4.061733e-02
72.9          	4.062403e-02
72.95         	4.063312e-02
73            	4.064319e-02
73.05         	4.065553e-02
73.1          	4.067289e-02
73.15         	4.069680e-02
73.2          	4.072628e-02
73.25         	4.075893e-02
73.3          	4.079272e-02
73.35         	4.082696e-02
73.4          	4.086168e-02
73.45         	4.089671e-02
73.5          	4.093140e-02
73.55         	4.096496e-02
73.6          	4.099652e-02
73.65         	4.102487e-02
73.7          	4.104893e-02
73.75         	4.106802e-02
73.8          	4.108161e-02
73.85         	4.108951e-02
73.9          	4.109200e-02
73.95         	4.108945e-02
74            	4.108230e-02
74.05         	4.107088e-02
74.1          	4.105541e-02
74.15         	4.103595e-02
74.2          	4.101234e-02
74.25         	4.098426e-02
74.3          	4.095147e-02
74.35         	4.091454e-02
74.4          	4.087492e-02
74.45         	4.083458e-02
74.5          	4.079611e-02
74.55         	4.076218e-02
74.6          	4.073493e-02
74.65         	4.071512e-02
74.7          	4.070297e-02
74.75         	4.069861e-02
74.8          	4.070005e-02
74.85         	4.070616e-02
74.9          	4.071548e-02
74.95         	4.072549e-02
75            	4.073580e-02
75.05         	4.074634e-02
75.1          	4.075807e-02
75.15         	4.077358e-02
75.2          	4.079396e-02
75.25         	4.081889e-02
75.3          	4.084857e-02
75.35         	4.088453e-02
75.4          	4.092530e-02
75.45         	4.096884e-02
75.5          	4.101440e-02
75.55         	4.106041e-02
75.6          	4.110548e-02
75.65         	4.114995e-02
75.7          	4.119575e-02
75.75         	4.124288e-02
75.8          	4.128860e-02
75.85         	4.133060e-02
75.9          	4.136762e-02
75.95         	4.139911e-02
76            	4.142432e-02
76.05         	4.144215e-02
76.1          	4.145175e-02
76.15         	4.145323e-02
76.2          	4.144729e-02
76.25         	4.143452e-02
76.3          	4.141491e-02
76.35         	4.138827e-02
76.4          	4.135519e-02
76.45         	4.131741e-02
76.5          	4.127638e-02
76.55         	4.123200e-02
76.6          	4.118270e-02
76.65         	4.112758e-02
76.7          	4.106805e-02
76.75         	4.100688e-02
76.8          	4.094613e-02
76.85         	4.088726e-02
76.9          	4.083230e-02
76.95         	4.078488e-02
77            	4.074997e-02
77.05         	4.073245e-02
77.1          	4.073421e-02
77.15         	4.075345e-02
77.2          	4.078695e-02
77.25         	4.083169e-02
77.3          	4.088471e-02
77.35         	4.094244e-02
77.4          	4.100140e-02
77.45         	4.105933e-02
77.5          	4.111542e-02
77.55         	4.116976e-02
77.6          	4.122281e-02
77.65         	4.127514e-02
77.7          	4.132730e-02
77.75         	4.137960e-02
77.8          	4.143189e-02
77.85         	4.148350e-02
77.9          	4.153363e-02
77.95         	4.158139e-02
78            	4.162567e-02
78.05         	4.166525e-02
78.1          	4.169889e-02
78.15         	4.172511e-02
78.2          	4.174232e-02
78.25         	4.174934e-02
78.3          	4.174555e-02
78.35         	4.173139e-02
78.4          	4.170880e-02
78.45         	4.168029e-02
78.5          	4.164714e-02
78.55         	4.160912e-02
78.6          	4.156548e-02
78.65         	4.151654e-02
78.7          	4.146432e-02
78.75         	4.141150e-02
78.8          	4.135968e-02
78.85         	4.130927e-02
78.9          	4.126209e-02
78.95         	4.121883e-02
79            	4.117682e-02
79.05         	4.113332e-02
79.1          	4.108656e-02
79.15         	4.103579e-02
79.2          	4.098092e-02
79.25         	4.092188e-02
79.3          	4.085941e-02
79.35         	4.079438e-02
79.4          	4.072838e-02
79.45         	4.066600e-02
79.5          	4.061359e-02
79.55         	4.057610e-02
79.6          	4.055488e-02
79.65         	4.054704e-02
79.7          	4.054848e-02
79.75         	4.055634e-02
79.8          	4.056922e-02
79.85         	4.058712e-02
79.9          	4.061078e-02
79.95         	4.063953e-02
80            	4.067167e-02
80.05         	4.070573e-02
80.1          	4.074074e-02
80.15         	4.077597e-02
80.2          	4.081073e-02
80.25         	4.084478e-02
80.3          	4.087881e-02
80.35         	4.091294e-02
80.4          	4.094662e-02
80.45         	4.097841e-02
80.5          	4.100721e-02
80.55         	4.103678e-02
80.6          	4.106846e-02
80.65         	4.110186e-02
80.7          	4.113562e-02
80.75         	4.116837e-02
80.8          	4.119867e-02
80.85         	4.122510e-02
80.9          	4.124547e-02
80.95         	4.125733e-02
81            	4.125814e-02
81.05         	4.124618e-02
81.1          	4.122074e-02
81.15         	4.118191e-02
81.2          	4.112979e-02
81.25         	4.106615e-02
81.3          	4.099598e-02
81.35         	4.092805e-02
81.4          	4.086968e-02
81.45         	4.082745e-02
81.5          	4.080051e-02
81.55         	4.078287e-02
81.6          	4.076907e-02
81.65         	4.075565e-02
81.7          	4.073994e-02
81.75         	4.071967e-02
81.8          	4.069346e-02
81.85         	4.066046e-02
81.9          	4.061999e-02
81.95         	4.057241e-02
82            	4.051998e-02
82.05         	4.046579e-02
82.1          	4.041380e-02
82.15         	4.036899e-02
82.2          	4.033556e-02
82.25         	4.031488e-02
82.3          	4.030643e-02
82.35         	4.030996e-02
82.4          	4.032601e-02
82.45         	4.035551e-02
82.5          	4.039782e-02
82.55         	4.045147e-02
82.6          	4.051378e-02
82.65         	4.058193e-02
82.7          	4.065462e-02
82.75         	4.072960e-02
82.8          	4.080450e-02
82.85         	4.087780e-02
82.9          	4.094788e-02
82.95         	4.101195e-02
83            	4.106663e-02
83.05         	4.110943e-02
83.1          	4.113895e-02
83.15         	4.115501e-02
83.2          	4.115870e-02
83.25         	4.115260e-02
83.3          	4.114030e-02
83.35         	4.112556e-02
83.4          	4.111179e-02
83.45         	4.109895e-02
83.5          	4.108334e-02
83.55         	4.106149e-02
83.6          	4.103087e-02
83.65         	4.099080e-02
83.7          	4.094201e-02
83.75         	4.088433e-02
83.8          	4.081638e-02
83.85         	4.073733e-02
83.9          	4.064690e-02
83.95         	4.054882e-02
84            	4.044851e-02
84.05         	4.035228e-02
84.1          	4.026471e-02
84.15         	4.018718e-02
84.2          	4.011816e-02
84.25         	4.005657e-02
84.3          	4.000219e-02
84.35         	3.995658e-02
84.4          	3.992295e-02
84.45         	3.990406e-02
84.5          	3.990242e-02
84.55         	3.991867e-02
84.6          	3.994970e-02
84.65         	3.999163e-02
84.7          	4.004140e-02
84.75         	4.009651e-02
84.8          	4.015514e-02
84.85         	4.021630e-02
84.9          	4.027903e-02
84.95         	4.034227e-02
85            	4.040479e-02
85.05         	4.046487e-02
85.1          	4.052073e-02
85.15         	4.057130e-02
85.2          	4.061551e-02
85.25         	4.065177e-02
85.3          	4.067776e-02
85.35         	4.069067e-02
85.4          	4.068916e-02
85.45         	4.067527e-02
85.5          	4.065356e-02
85.55         	4.062941e-02
85.6          	4.060753e-02
85.65         	4.059015e-02
85.7          	4.057711e-02
85.75         	4.056593e-02
85.8          	4.055388e-02
85.85         	4.054078e-02
85.9          	4.052610e-02
85.95         	4.050922e-02
86            	4.049028e-02
86.05         	4.046971e-02
86.1          	4.044754e-02
86.15         	4.042451e-02
86.2          	4.040012e-02
86.25         	4.037124e-02
86.3          	4.033671e-02
86.35         	4.029649e-02
86.4          	4.025121e-02
86.45         	4.020256e-02
86.5          	4.015396e-02
86.55         	4.010907e-02
86.6          	4.007053e-02
86.65         	4.004083e-02
86.7          	4.002028e-02
86.75         	4.000774e-02
86.8          	4.000187e-02
86.85         	4.000148e-02
86.9          	4.000585e-02
86.95         	4.001543e-02
87            	4.003165e-02
87.05         	4.005583e-02
87.1          	4.008881e-02
87.15         	4.013083e-02
87.2          	4.018149e-02
87.25         	4.024030e-02
87.3          	4.030672e-02
87.35         	4.038014e-02
87.4          	4.045990e-02
87.45         	4.054550e-02
87.5          	4.063657e-02
87.55         	4.073260e-02
87.6          	4.083257e-02
87.65         	4.093452e-02
87.7          	4.103499e-02
87.75         	4.112836e-02
87.8          	4.120815e-02
87.85         	4.126944e-02
87.9          	4.131024e-02
87.95         	4.133159e-02
88            	4.133640e-02
88.05         	4.132830e-02
88.1          	4.131110e-02
88.15         	4.128871e-02
88.2          	4.126499e-02
88.25         	4.124501e-02
88.3          	4.123490e-02
88.35         	4.123799e-02
88.4          	4.125149e-02
88.45         	4.126911e-02
88.5          	4.128534e-02
88.55         	4.129726e-02
88.6          	4.130348e-02
88.65         	4.130320e-02
88.7          	4.129608e-02
88.75         	4.128180e-02
88.8          	4.125987e-02
88.85         	4.123078e-02
88.9          	4.119641e-02
88.95         	4.115938e-02
89            	4.112192e-02
89.05         	4.108556e-02
89.1          	4.105149e-02
89.15         	4.102065e-02
89.2          	4.099479e-02
89.25         	4.097650e-02
89.3          	4.096731e-02
89.35         	4.096701e-02
89.4          	4.097424e-02
89.45         	4.098720e-02
89.5          	4.100422e-02
89.55         	4.102403e-02
89.6          	4.104531e-02
89.65         	4.106641e-02
89.7          	4.108578e-02
89.75         	4.110304e-02
89.8          	4.111840e-02
89.85         	4.113189e-02
89.9          	4.114331e-02
89.95         	4.115178e-02
90            	4.115606e-02
