# Region      : all 
# Cells       : 16000
# Volume      : 2.000000e-03
# Time        	volAverage(alpha.air)
0             	0.000000e+00
0.05          	5.238182e-04
0.1           	1.023818e-03
0.15          	1.523891e-03
0.2           	2.023891e-03
0.25          	2.541000e-03
0.3           	3.041000e-03
0.35          	3.541000e-03
0.4           	4.041000e-03
0.45          	4.541000e-03
0.5           	5.041000e-03
0.55          	5.541000e-03
0.6           	6.041001e-03
0.65          	6.541001e-03
0.7           	7.041001e-03
0.75          	7.541001e-03
0.8           	8.041001e-03
0.85          	8.541001e-03
0.9           	9.041013e-03
0.95          	9.541014e-03
1             	1.004101e-02
1.05          	1.054101e-02
1.1           	1.104101e-02
1.15          	1.154101e-02
1.2           	1.204101e-02
1.25          	1.254103e-02
1.3           	1.304109e-02
1.35          	1.354109e-02
1.4           	1.404109e-02
1.45          	1.454109e-02
1.5           	1.504109e-02
1.55          	1.554109e-02
1.6           	1.604110e-02
1.65          	1.654111e-02
1.7           	1.704111e-02
1.75          	1.754111e-02
1.8           	1.804111e-02
1.85          	1.854111e-02
1.9           	1.904111e-02
1.95          	1.954111e-02
2             	2.004111e-02
2.05          	2.054111e-02
2.1           	2.104111e-02
2.15          	2.154111e-02
2.2           	2.204111e-02
2.25          	2.254111e-02
2.3           	2.304111e-02
2.35          	2.354111e-02
2.4           	2.404112e-02
2.45          	2.454552e-02
2.5           	2.504552e-02
2.55          	2.554552e-02
2.6           	2.604552e-02
2.65          	2.654552e-02
2.7           	2.704552e-02
2.75          	2.754552e-02
2.8           	2.804565e-02
2.85          	2.854795e-02
2.9           	2.904797e-02
2.95          	2.954797e-02
3             	3.004852e-02
3.05          	3.054852e-02
3.1           	3.105336e-02
3.15          	3.155336e-02
3.2           	3.205336e-02
3.25          	3.255338e-02
3.3           	3.305338e-02
3.35          	3.355338e-02
3.4           	3.405363e-02
3.45          	3.455363e-02
3.5           	3.505377e-02
3.55          	3.555377e-02
3.6           	3.606431e-02
3.65          	3.656431e-02
3.7           	3.706432e-02
3.75          	3.756427e-02
3.8           	3.807026e-02
3.85          	3.856547e-02
3.9           	3.904921e-02
3.95          	3.950537e-02
4             	3.990572e-02
4.05          	4.021678e-02
4.1           	4.041706e-02
4.15          	4.049883e-02
4.2           	4.046634e-02
4.25          	4.034261e-02
4.3           	4.013287e-02
4.35          	3.986119e-02
4.4           	3.953935e-02
4.45          	3.918103e-02
4.5           	3.880974e-02
4.55          	3.845575e-02
4.6           	3.814168e-02
4.65          	3.787367e-02
4.7           	3.831258e-02
4.75          	3.819279e-02
4.8           	3.802599e-02
4.85          	3.788108e-02
4.9           	3.775488e-02
4.95          	3.764505e-02
5             	3.754967e-02
5.05          	3.747658e-02
5.1           	3.740652e-02
5.15          	3.734779e-02
5.2           	3.729965e-02
5.25          	3.726156e-02
5.3           	3.723187e-02
5.35          	3.721055e-02
5.4           	3.723852e-02
5.45          	3.722870e-02
5.5           	3.722424e-02
5.55          	3.722489e-02
5.6           	3.722900e-02
5.65          	3.723607e-02
5.7           	3.725943e-02
5.75          	3.728726e-02
5.8           	3.730103e-02
5.85          	3.731655e-02
5.9           	3.733363e-02
5.95          	3.735368e-02
6             	3.737322e-02
6.05          	3.739372e-02
6.1           	3.741541e-02
6.15          	3.743831e-02
6.2           	3.746253e-02
6.25          	3.748842e-02
6.3           	3.751696e-02
6.35          	3.754651e-02
6.4           	3.757782e-02
6.45          	3.761079e-02
6.5           	3.764544e-02
6.55          	3.768174e-02
6.6           	3.771963e-02
6.65          	3.775896e-02
6.7           	3.779952e-02
6.75          	3.784103e-02
6.8           	3.788317e-02
6.85          	3.792562e-02
6.9           	3.796803e-02
6.95          	3.801006e-02
7             	3.805145e-02
7.05          	3.809394e-02
7.1           	3.813366e-02
7.15          	3.817237e-02
7.2           	3.821027e-02
7.25          	3.824760e-02
7.3           	3.828465e-02
7.35          	3.832171e-02
7.4           	3.835908e-02
7.45          	3.839697e-02
7.5           	3.843555e-02
7.55          	3.850851e-02
7.6           	3.854872e-02
7.65          	3.858964e-02
7.7           	3.863111e-02
7.75          	3.867288e-02
7.8           	3.871457e-02
7.85          	3.875576e-02
7.9           	3.879596e-02
7.95          	3.883471e-02
8             	3.887169e-02
8.05          	3.890671e-02
8.1           	3.893966e-02
8.15          	3.897056e-02
8.2           	3.899946e-02
8.25          	3.902640e-02
8.3           	3.905131e-02
8.35          	3.907407e-02
8.4           	3.909448e-02
8.45          	3.911235e-02
8.5           	3.912755e-02
8.55          	3.914014e-02
8.6           	3.915026e-02
8.65          	3.915810e-02
8.7           	3.916389e-02
8.75          	3.916794e-02
8.8           	3.917057e-02
8.85          	3.917689e-02
8.9           	3.917762e-02
8.95          	3.917779e-02
9             	3.917833e-02
9.05          	3.917958e-02
9.1           	3.917887e-02
9.15          	3.917786e-02
9.2           	3.918393e-02
9.25          	3.918175e-02
9.3           	3.917869e-02
9.35          	3.917455e-02
9.4           	3.916913e-02
9.45          	3.916236e-02
9.5           	3.915601e-02
9.55          	3.914826e-02
9.6           	3.913695e-02
9.65          	3.912439e-02
9.7           	3.911086e-02
9.75          	3.911259e-02
9.8           	3.909856e-02
9.85          	3.908576e-02
9.9           	3.907531e-02
9.95          	3.907140e-02
10            	3.906693e-02
10.05         	3.906685e-02
10.1          	3.907172e-02
10.15         	3.908179e-02
10.2          	3.909707e-02
10.25         	3.911716e-02
10.3          	3.914146e-02
10.35         	3.916956e-02
10.4          	3.920105e-02
10.45         	3.923590e-02
10.5          	3.927730e-02
10.55         	3.931803e-02
10.6          	3.936116e-02
10.65         	3.940653e-02
10.7          	3.945394e-02
10.75         	3.951157e-02
10.8          	3.956177e-02
10.85         	3.961257e-02
10.9          	3.966323e-02
10.95         	3.971283e-02
11            	3.976016e-02
11.05         	3.980654e-02
11.1          	3.984570e-02
11.15         	3.987914e-02
11.2          	3.990579e-02
11.25         	3.992755e-02
11.3          	3.993836e-02
11.35         	3.994137e-02
11.4          	3.993723e-02
11.45         	3.992687e-02
11.5          	3.991145e-02
11.55         	3.989225e-02
11.6          	3.987594e-02
11.65         	3.985363e-02
11.7          	3.983187e-02
11.75         	3.981181e-02
11.8          	3.979430e-02
11.85         	3.977994e-02
11.9          	3.976900e-02
11.95         	3.976139e-02
12            	3.975708e-02
12.05         	3.975573e-02
12.1          	3.975717e-02
12.15         	3.976090e-02
12.2          	3.977031e-02
12.25         	3.977679e-02
12.3          	3.978377e-02
12.35         	3.979073e-02
12.4          	3.979764e-02
12.45         	3.980396e-02
12.5          	3.980955e-02
12.55         	3.981843e-02
12.6          	3.982454e-02
12.65         	3.983112e-02
12.7          	3.983803e-02
12.75         	3.984893e-02
12.8          	3.986260e-02
12.85         	3.987133e-02
12.9          	3.988158e-02
12.95         	3.989216e-02
13            	3.990227e-02
13.05         	3.991151e-02
13.1          	3.991837e-02
13.15         	3.992124e-02
13.2          	3.992144e-02
13.25         	3.991980e-02
13.3          	3.991804e-02
13.35         	3.991637e-02
13.4          	3.991461e-02
13.45         	3.991313e-02
13.5          	3.991151e-02
13.55         	3.991127e-02
13.6          	3.991329e-02
13.65         	3.991801e-02
13.7          	3.992465e-02
13.75         	3.993334e-02
13.8          	3.994863e-02
13.85         	3.996140e-02
13.9          	3.997582e-02
13.95         	3.999221e-02
14            	4.000909e-02
14.05         	4.002712e-02
14.1          	4.004620e-02
14.15         	4.006561e-02
14.2          	4.008537e-02
14.25         	4.010526e-02
14.3          	4.012840e-02
14.35         	4.014742e-02
14.4          	4.016592e-02
14.45         	4.018358e-02
14.5          	4.019996e-02
14.55         	4.022507e-02
14.6          	4.023515e-02
14.65         	4.024082e-02
14.7          	4.024187e-02
14.75         	4.024032e-02
14.8          	4.023180e-02
14.85         	4.021849e-02
14.9          	4.020071e-02
14.95         	4.017902e-02
15            	4.015407e-02
15.05         	4.012710e-02
15.1          	4.009906e-02
15.15         	4.007082e-02
15.2          	4.004429e-02
15.25         	4.001802e-02
15.3          	3.999371e-02
15.35         	3.997199e-02
15.4          	3.995314e-02
15.45         	3.993712e-02
15.5          	3.992388e-02
15.55         	3.991327e-02
15.6          	3.990503e-02
15.65         	3.989875e-02
15.7          	3.989390e-02
15.75         	3.988989e-02
15.8          	3.988645e-02
15.85         	3.988301e-02
15.9          	3.987897e-02
15.95         	3.987398e-02
16            	3.986781e-02
16.05         	3.986015e-02
16.1          	3.985088e-02
16.15         	3.983994e-02
16.2          	3.982747e-02
16.25         	3.981369e-02
16.3          	3.979892e-02
16.35         	3.978352e-02
16.4          	3.976791e-02
16.45         	3.975248e-02
16.5          	3.973757e-02
16.55         	3.972350e-02
16.6          	3.971100e-02
16.65         	3.970044e-02
16.7          	3.969204e-02
16.75         	3.968612e-02
16.8          	3.968549e-02
16.85         	3.968519e-02
16.9          	3.968780e-02
16.95         	3.969337e-02
17            	3.970185e-02
17.05         	3.971310e-02
17.1          	3.972665e-02
17.15         	3.974228e-02
17.2          	3.975968e-02
17.25         	3.977863e-02
17.3          	3.979894e-02
17.35         	3.982051e-02
17.4          	3.984313e-02
17.45         	3.986653e-02
17.5          	3.989023e-02
17.55         	3.991350e-02
17.6          	3.993550e-02
17.65         	3.995514e-02
17.7          	3.997155e-02
17.75         	3.998392e-02
17.8          	3.999179e-02
17.85         	3.999493e-02
17.9          	4.000052e-02
17.95         	3.999458e-02
18            	3.998470e-02
18.05         	3.997132e-02
18.1          	3.995489e-02
18.15         	3.993580e-02
18.2          	3.991563e-02
18.25         	3.989229e-02
18.3          	3.986732e-02
18.35         	3.984113e-02
18.4          	3.981418e-02
18.45         	3.978775e-02
18.5          	3.976062e-02
18.55         	3.973397e-02
18.6          	3.970817e-02
18.65         	3.968352e-02
18.7          	3.966033e-02
18.75         	3.963897e-02
18.8          	3.961983e-02
18.85         	3.960320e-02
18.9          	3.958924e-02
18.95         	3.957792e-02
19            	3.956922e-02
19.05         	3.956248e-02
19.1          	3.955759e-02
19.15         	3.955423e-02
19.2          	3.955277e-02
19.25         	3.955219e-02
19.3          	3.955344e-02
19.35         	3.955696e-02
19.4          	3.956549e-02
19.45         	3.957523e-02
19.5          	3.958898e-02
19.55         	3.960713e-02
19.6          	3.962987e-02
19.65         	3.965848e-02
19.7          	3.969001e-02
19.75         	3.973001e-02
19.8          	3.976825e-02
19.85         	3.980860e-02
19.9          	3.984996e-02
19.95         	3.989268e-02
20            	3.993274e-02
20.05         	3.997058e-02
20.1          	4.000545e-02
20.15         	4.003625e-02
20.2          	4.008162e-02
20.25         	4.010337e-02
20.3          	4.012033e-02
20.35         	4.013252e-02
20.4          	4.014001e-02
20.45         	4.014307e-02
20.5          	4.014210e-02
20.55         	4.013816e-02
20.6          	4.013088e-02
20.65         	4.012151e-02
20.7          	4.011074e-02
20.75         	4.009923e-02
20.8          	4.008736e-02
20.85         	4.007546e-02
20.9          	4.006708e-02
20.95         	4.005525e-02
21            	4.004322e-02
21.05         	4.003071e-02
21.1          	4.001724e-02
21.15         	4.002167e-02
21.2          	4.000550e-02
21.25         	3.998773e-02
21.3          	3.996800e-02
21.35         	3.994599e-02
21.4          	3.992175e-02
21.45         	3.989545e-02
21.5          	3.986786e-02
21.55         	3.983914e-02
21.6          	3.980970e-02
21.65         	3.978084e-02
21.7          	3.975398e-02
21.75         	3.972992e-02
21.8          	3.970892e-02
21.85         	3.969256e-02
21.9          	3.968039e-02
21.95         	3.967025e-02
22            	3.966669e-02
22.05         	3.966531e-02
22.1          	3.966866e-02
22.15         	3.967636e-02
22.2          	3.968654e-02
22.25         	3.970043e-02
22.3          	3.971876e-02
22.35         	3.974103e-02
22.4          	3.976407e-02
22.45         	3.978825e-02
22.5          	3.981482e-02
22.55         	3.984265e-02
22.6          	3.986714e-02
22.65         	3.988967e-02
22.7          	3.991019e-02
22.75         	3.992803e-02
22.8          	3.994769e-02
22.85         	3.995741e-02
22.9          	3.996358e-02
22.95         	3.996561e-02
23            	3.996226e-02
23.05         	3.995350e-02
23.1          	3.994142e-02
23.15         	3.992304e-02
23.2          	3.990119e-02
23.25         	3.987696e-02
23.3          	3.985461e-02
23.35         	3.983004e-02
23.4          	3.980729e-02
23.45         	3.978692e-02
23.5          	3.976971e-02
23.55         	3.975655e-02
23.6          	3.974825e-02
23.65         	3.974551e-02
23.7          	3.974584e-02
23.75         	3.974841e-02
23.8          	3.975234e-02
23.85         	3.975829e-02
23.9          	3.976397e-02
23.95         	3.977001e-02
24            	3.977734e-02
24.05         	3.980707e-02
24.1          	3.981758e-02
24.15         	3.982989e-02
24.2          	3.984411e-02
24.25         	3.986069e-02
24.3          	3.987986e-02
24.35         	3.990125e-02
24.4          	3.992471e-02
24.45         	3.995045e-02
24.5          	3.997793e-02
24.55         	4.000613e-02
24.6          	4.003379e-02
24.65         	4.006057e-02
24.7          	4.018465e-02
24.75         	4.020768e-02
24.8          	4.022783e-02
24.85         	4.024494e-02
24.9          	4.025893e-02
24.95         	4.026981e-02
25            	4.027864e-02
25.05         	4.028401e-02
25.1          	4.028656e-02
25.15         	4.028645e-02
25.2          	4.028383e-02
25.25         	4.027899e-02
25.3          	4.027202e-02
25.35         	4.026827e-02
25.4          	4.025841e-02
25.45         	4.024737e-02
25.5          	4.023510e-02
25.55         	4.022211e-02
25.6          	4.023447e-02
25.65         	4.022128e-02
25.7          	4.020826e-02
25.75         	4.019552e-02
25.8          	4.018330e-02
25.85         	4.017190e-02
25.9          	4.016149e-02
25.95         	4.015216e-02
26            	4.014393e-02
26.05         	4.013688e-02
26.1          	4.013091e-02
26.15         	4.012593e-02
26.2          	4.012198e-02
26.25         	4.011897e-02
26.3          	4.011939e-02
26.35         	4.011741e-02
26.4          	4.011520e-02
26.45         	4.011232e-02
26.5          	4.010847e-02
26.55         	4.010356e-02
26.6          	4.009748e-02
26.65         	4.009030e-02
26.7          	4.008229e-02
26.75         	4.007383e-02
26.8          	4.006504e-02
26.85         	4.005698e-02
26.9          	4.004831e-02
26.95         	4.004841e-02
27            	4.004102e-02
27.05         	4.003483e-02
27.1          	4.003025e-02
27.15         	4.002786e-02
27.2          	4.002843e-02
27.25         	4.003295e-02
27.3          	4.004243e-02
27.35         	4.005753e-02
27.4          	4.007838e-02
27.45         	4.010452e-02
27.5          	4.013499e-02
27.55         	4.016858e-02
27.6          	4.020409e-02
27.65         	4.024025e-02
27.7          	4.027594e-02
27.75         	4.031032e-02
27.8          	4.034284e-02
27.85         	4.037331e-02
27.9          	4.040176e-02
27.95         	4.042837e-02
28            	4.045343e-02
28.05         	4.047728e-02
28.1          	4.050029e-02
28.15         	4.052843e-02
28.2          	4.055050e-02
28.25         	4.057147e-02
28.3          	4.059177e-02
28.35         	4.061110e-02
28.4          	4.062872e-02
28.45         	4.064416e-02
28.5          	4.065661e-02
28.55         	4.066542e-02
28.6          	4.066989e-02
28.65         	4.066940e-02
28.7          	4.066357e-02
28.75         	4.065229e-02
28.8          	4.063584e-02
28.85         	4.061474e-02
28.9          	4.058921e-02
28.95         	4.056004e-02
29            	4.053023e-02
29.05         	4.049590e-02
29.1          	4.046006e-02
29.15         	4.042317e-02
29.2          	4.038614e-02
29.25         	4.034868e-02
29.3          	4.031170e-02
29.35         	4.027552e-02
29.4          	4.024038e-02
29.45         	4.020665e-02
29.5          	4.017457e-02
29.55         	4.014424e-02
29.6          	4.011576e-02
29.65         	4.008937e-02
29.7          	4.006515e-02
29.75         	4.004295e-02
29.8          	4.002923e-02
29.85         	4.001120e-02
29.9          	3.999267e-02
29.95         	3.997422e-02
30            	3.995554e-02
30.05         	3.993505e-02
30.1          	3.991222e-02
30.15         	3.988630e-02
30.2          	3.985694e-02
30.25         	3.982450e-02
30.3          	3.978827e-02
30.35         	3.974947e-02
30.4          	3.970890e-02
30.45         	3.967161e-02
30.5          	3.962988e-02
30.55         	3.958874e-02
30.6          	3.954906e-02
30.65         	3.951178e-02
30.7          	3.947783e-02
30.75         	3.944834e-02
30.8          	3.942482e-02
30.85         	3.940672e-02
30.9          	3.939506e-02
30.95         	3.939004e-02
31            	3.939155e-02
31.05         	3.939908e-02
31.1          	3.941190e-02
31.15         	3.943945e-02
31.2          	3.946047e-02
31.25         	3.948423e-02
31.3          	3.950981e-02
31.35         	3.953630e-02
31.4          	3.956281e-02
31.45         	3.958848e-02
31.5          	3.961247e-02
31.55         	3.963481e-02
31.6          	3.965319e-02
31.65         	3.966779e-02
31.7          	3.967814e-02
31.75         	3.968399e-02
31.8          	3.968542e-02
31.85         	3.968247e-02
31.9          	3.967554e-02
31.95         	3.966505e-02
32            	3.965286e-02
32.05         	3.963670e-02
32.1          	3.961843e-02
32.15         	3.959852e-02
32.2          	3.957741e-02
32.25         	3.955546e-02
32.3          	3.953296e-02
32.35         	3.951011e-02
32.4          	3.949080e-02
32.45         	3.946852e-02
32.5          	3.944689e-02
32.55         	3.942608e-02
32.6          	3.940600e-02
32.65         	3.938712e-02
32.7          	3.937285e-02
32.75         	3.935791e-02
32.8          	3.934447e-02
32.85         	3.933191e-02
32.9          	3.932007e-02
32.95         	3.931018e-02
33            	3.930526e-02
33.05         	3.929909e-02
33.1          	3.929360e-02
33.15         	3.929099e-02
33.2          	3.929243e-02
33.25         	3.929586e-02
33.3          	3.929971e-02
33.35         	3.930514e-02
33.4          	3.931305e-02
33.45         	3.932353e-02
33.5          	3.933446e-02
33.55         	3.934692e-02
33.6          	3.936087e-02
33.65         	3.937611e-02
33.7          	3.939283e-02
33.75         	3.941041e-02
33.8          	3.942778e-02
33.85         	3.944423e-02
33.9          	3.946184e-02
33.95         	3.947466e-02
34            	3.948512e-02
34.05         	3.949282e-02
34.1          	3.949773e-02
34.15         	3.950414e-02
34.2          	3.950417e-02
34.25         	3.950256e-02
34.3          	3.950011e-02
34.35         	3.949763e-02
34.4          	3.949629e-02
34.45         	3.949637e-02
34.5          	3.949917e-02
34.55         	3.950469e-02
34.6          	3.951373e-02
34.65         	3.952627e-02
34.7          	3.954236e-02
34.75         	3.956215e-02
34.8          	3.958556e-02
34.85         	3.961240e-02
34.9          	3.964214e-02
34.95         	3.967396e-02
35            	3.972074e-02
35.05         	3.975327e-02
35.1          	3.978443e-02
35.15         	3.981323e-02
35.2          	3.983872e-02
35.25         	3.986008e-02
35.3          	3.989172e-02
35.35         	3.990322e-02
35.4          	3.990911e-02
35.45         	3.990906e-02
35.5          	3.990280e-02
35.55         	3.989013e-02
35.6          	3.987108e-02
35.65         	3.984584e-02
35.7          	3.982839e-02
35.75         	3.979244e-02
35.8          	3.975248e-02
35.85         	3.970967e-02
35.9          	3.966535e-02
35.95         	3.962081e-02
36            	3.957735e-02
36.05         	3.953616e-02
36.1          	3.949831e-02
36.15         	3.946467e-02
36.2          	3.943616e-02
36.25         	3.941277e-02
36.3          	3.939502e-02
36.35         	3.938286e-02
36.4          	3.937611e-02
36.45         	3.937461e-02
36.5          	3.937795e-02
36.55         	3.938549e-02
36.6          	3.939655e-02
36.65         	3.941107e-02
36.7          	3.943384e-02
36.75         	3.945445e-02
36.8          	3.947761e-02
36.85         	3.950273e-02
36.9          	3.952966e-02
36.95         	3.955827e-02
37            	3.958795e-02
37.05         	3.961826e-02
37.1          	3.964861e-02
37.15         	3.967844e-02
37.2          	3.970699e-02
37.25         	3.973385e-02
37.3          	3.976325e-02
37.35         	3.978513e-02
37.4          	3.981625e-02
37.45         	3.983166e-02
37.5          	3.984401e-02
37.55         	3.985374e-02
37.6          	3.986121e-02
37.65         	3.986667e-02
37.7          	3.987280e-02
37.75         	3.987492e-02
37.8          	3.987559e-02
37.85         	3.987481e-02
37.9          	3.987241e-02
37.95         	3.986813e-02
38            	3.986187e-02
38.05         	3.985365e-02
38.1          	3.984357e-02
38.15         	3.983166e-02
38.2          	3.981834e-02
38.25         	3.980401e-02
38.3          	3.978881e-02
38.35         	3.977329e-02
38.4          	3.975812e-02
38.45         	3.974979e-02
38.5          	3.973601e-02
38.55         	3.972240e-02
38.6          	3.970810e-02
38.65         	3.969186e-02
38.7          	3.967248e-02
38.75         	3.964876e-02
38.8          	3.961971e-02
38.85         	3.958481e-02
38.9          	3.954426e-02
38.95         	3.949883e-02
39            	3.944975e-02
39.05         	3.945073e-02
39.1          	3.939937e-02
39.15         	3.934975e-02
39.2          	3.930364e-02
39.25         	3.926232e-02
39.3          	3.922668e-02
39.35         	3.919726e-02
39.4          	3.917460e-02
39.45         	3.915885e-02
39.5          	3.914967e-02
39.55         	3.914678e-02
39.6          	3.915019e-02
39.65         	3.915982e-02
39.7          	3.917556e-02
39.75         	3.919734e-02
39.8          	3.922580e-02
39.85         	3.925806e-02
39.9          	3.929514e-02
39.95         	3.933640e-02
40            	3.938112e-02
40.05         	3.943079e-02
40.1          	3.948152e-02
40.15         	3.953439e-02
40.2          	3.958862e-02
40.25         	3.964345e-02
40.3          	3.969814e-02
40.35         	3.975239e-02
40.4          	3.980595e-02
40.45         	3.985829e-02
40.5          	3.990882e-02
40.55         	3.996072e-02
40.6          	4.000674e-02
40.65         	4.005034e-02
40.7          	4.009195e-02
40.75         	4.013042e-02
40.8          	4.016615e-02
40.85         	4.019896e-02
40.9          	4.022868e-02
40.95         	4.025503e-02
41            	4.027787e-02
41.05         	4.029706e-02
41.1          	4.031836e-02
41.15         	4.033187e-02
41.2          	4.033938e-02
41.25         	4.034289e-02
41.3          	4.034480e-02
41.35         	4.034027e-02
41.4          	4.033175e-02
41.45         	4.031929e-02
41.5          	4.030306e-02
41.55         	4.028319e-02
41.6          	4.025994e-02
41.65         	4.023344e-02
41.7          	4.021493e-02
41.75         	4.018291e-02
41.8          	4.014905e-02
41.85         	4.011415e-02
41.9          	4.008198e-02
41.95         	4.004743e-02
42            	4.001339e-02
42.05         	4.019000e-02
42.1          	4.016038e-02
42.15         	4.013369e-02
42.2          	4.010929e-02
42.25         	4.008804e-02
42.3          	4.006969e-02
42.35         	4.005220e-02
42.4          	4.003632e-02
42.45         	4.002214e-02
42.5          	4.000763e-02
42.55         	3.999375e-02
42.6          	3.998023e-02
42.65         	3.996636e-02
42.7          	3.995318e-02
42.75         	3.994275e-02
42.8          	3.993365e-02
42.85         	3.992439e-02
42.9          	3.991711e-02
42.95         	3.991219e-02
43            	3.990727e-02
43.05         	3.990212e-02
43.1          	3.989718e-02
43.15         	3.989186e-02
43.2          	3.988485e-02
43.25         	3.987732e-02
43.3          	3.986927e-02
43.35         	3.986169e-02
43.4          	4.013305e-02
43.45         	4.012610e-02
43.5          	4.011906e-02
43.55         	4.011220e-02
43.6          	4.010692e-02
43.65         	4.010425e-02
43.7          	4.010481e-02
43.75         	4.010730e-02
43.8          	4.011252e-02
43.85         	4.012030e-02
43.9          	4.013027e-02
43.95         	4.014196e-02
44            	4.015512e-02
44.05         	4.016961e-02
44.1          	4.018539e-02
44.15         	4.020244e-02
44.2          	4.022089e-02
44.25         	4.024069e-02
44.3          	4.026181e-02
44.35         	4.028430e-02
44.4          	4.030830e-02
44.45         	4.033391e-02
44.5          	4.036117e-02
44.55         	4.039363e-02
44.6          	4.042256e-02
44.65         	4.045155e-02
44.7          	4.047993e-02
44.75         	4.050727e-02
44.8          	4.056385e-02
44.85         	4.058704e-02
44.9          	4.060689e-02
44.95         	4.062255e-02
45            	4.063331e-02
45.05         	4.063850e-02
45.1          	4.063764e-02
45.15         	4.063079e-02
45.2          	4.061754e-02
45.25         	4.059824e-02
45.3          	4.057367e-02
45.35         	4.054696e-02
45.4          	4.051337e-02
45.45         	4.047635e-02
45.5          	4.043644e-02
45.55         	4.039438e-02
45.6          	4.035124e-02
45.65         	4.030783e-02
45.7          	4.026486e-02
45.75         	4.022306e-02
45.8          	4.018299e-02
45.85         	4.014512e-02
45.9          	4.010986e-02
45.95         	4.007742e-02
46            	4.004780e-02
46.05         	4.002097e-02
46.1          	3.999700e-02
46.15         	3.997607e-02
46.2          	3.995857e-02
46.25         	3.994493e-02
46.3          	3.993551e-02
46.35         	3.993022e-02
46.4          	3.992883e-02
46.45         	3.993138e-02
46.5          	3.994332e-02
46.55         	3.995254e-02
46.6          	3.996449e-02
46.65         	3.998038e-02
46.7          	3.999718e-02
46.75         	4.001610e-02
46.8          	4.004103e-02
46.85         	4.006367e-02
46.9          	4.008774e-02
46.95         	4.011276e-02
47            	4.013897e-02
47.05         	4.016379e-02
47.1          	4.018733e-02
47.15         	4.020892e-02
47.2          	4.022813e-02
47.25         	4.024470e-02
47.3          	4.025863e-02
47.35         	4.027014e-02
47.4          	4.027957e-02
47.45         	4.028725e-02
47.5          	4.029359e-02
47.55         	4.029888e-02
47.6          	4.030420e-02
47.65         	4.030798e-02
47.7          	4.031131e-02
47.75         	4.031425e-02
47.8          	4.031669e-02
47.85         	4.031870e-02
47.9          	4.032041e-02
47.95         	4.032195e-02
48            	4.032326e-02
48.05         	4.033220e-02
48.1          	4.033222e-02
48.15         	4.033081e-02
48.2          	4.032741e-02
48.25         	4.032135e-02
48.3          	4.031202e-02
48.35         	4.029880e-02
48.4          	4.028133e-02
48.45         	4.025946e-02
48.5          	4.023313e-02
48.55         	4.020250e-02
48.6          	4.016811e-02
48.65         	4.013061e-02
48.7          	4.009053e-02
48.75         	4.004809e-02
48.8          	4.001820e-02
48.85         	3.997398e-02
48.9          	3.992977e-02
48.95         	3.988582e-02
49            	3.984275e-02
49.05         	3.980134e-02
49.1          	3.977955e-02
49.15         	3.974409e-02
49.2          	3.971235e-02
49.25         	3.968491e-02
49.3          	3.966555e-02
49.35         	3.964770e-02
49.4          	3.963547e-02
49.45         	3.963105e-02
49.5          	3.963031e-02
49.55         	3.963507e-02
49.6          	3.964496e-02
49.65         	3.965939e-02
49.7          	3.967764e-02
49.75         	3.969930e-02
49.8          	3.972408e-02
49.85         	3.975148e-02
49.9          	3.981806e-02
49.95         	3.985015e-02
50            	3.988384e-02
50.05         	3.991824e-02
50.1          	3.995242e-02
50.15         	3.998573e-02
50.2          	4.001644e-02
50.25         	4.004402e-02
50.3          	4.006770e-02
50.35         	4.008806e-02
50.4          	4.010201e-02
50.45         	4.011013e-02
50.5          	4.011212e-02
50.55         	4.010801e-02
50.6          	4.009790e-02
50.65         	4.008216e-02
50.7          	4.006101e-02
50.75         	4.003514e-02
50.8          	4.000558e-02
50.85         	3.997330e-02
50.9          	3.993918e-02
50.95         	3.990412e-02
51            	3.986939e-02
51.05         	3.983634e-02
51.1          	3.980606e-02
51.15         	3.977922e-02
51.2          	3.976878e-02
51.25         	3.975015e-02
51.3          	3.973576e-02
51.35         	3.972567e-02
51.4          	3.971939e-02
51.45         	3.971582e-02
51.5          	3.971369e-02
51.55         	3.971229e-02
51.6          	3.971139e-02
51.65         	3.971096e-02
51.7          	3.971057e-02
51.75         	3.971126e-02
51.8          	3.971190e-02
51.85         	3.971277e-02
51.9          	3.971608e-02
51.95         	3.972210e-02
52            	3.972935e-02
52.05         	3.973781e-02
52.1          	3.974658e-02
52.15         	3.975538e-02
52.2          	3.976435e-02
52.25         	3.977401e-02
52.3          	3.978478e-02
52.35         	3.979704e-02
52.4          	3.981091e-02
52.45         	3.982644e-02
52.5          	3.984385e-02
52.55         	3.986324e-02
52.6          	3.988457e-02
52.65         	3.990765e-02
52.7          	3.993581e-02
52.75         	3.996108e-02
52.8          	3.998668e-02
52.85         	4.001204e-02
52.9          	4.003654e-02
52.95         	4.005983e-02
53            	4.008152e-02
53.05         	4.010142e-02
53.1          	4.011964e-02
53.15         	4.015063e-02
53.2          	4.016571e-02
53.25         	4.017918e-02
53.3          	4.019093e-02
53.35         	4.020090e-02
53.4          	4.020892e-02
53.45         	4.021503e-02
53.5          	4.022741e-02
53.55         	4.023009e-02
53.6          	4.023054e-02
53.65         	4.022832e-02
53.7          	4.022325e-02
53.75         	4.021526e-02
53.8          	4.020472e-02
53.85         	4.019149e-02
53.9          	4.017586e-02
53.95         	4.015758e-02
54            	4.013725e-02
54.05         	4.011312e-02
54.1          	4.008602e-02
54.15         	4.005636e-02
54.2          	4.002427e-02
54.25         	3.999013e-02
54.3          	3.995437e-02
54.35         	3.992173e-02
54.4          	3.988440e-02
54.45         	3.984708e-02
54.5          	3.981033e-02
54.55         	3.977508e-02
54.6          	3.974188e-02
54.65         	3.971128e-02
54.7          	3.968400e-02
54.75         	3.966020e-02
54.8          	3.964024e-02
54.85         	3.962464e-02
54.9          	3.961375e-02
54.95         	3.960756e-02
55            	3.960586e-02
55.05         	3.960915e-02
55.1          	3.961761e-02
55.15         	3.963112e-02
55.2          	3.964946e-02
55.25         	3.967253e-02
55.3          	3.969953e-02
55.35         	3.973010e-02
55.4          	3.976357e-02
55.45         	3.979926e-02
55.5          	3.983639e-02
55.55         	3.987426e-02
55.6          	3.991211e-02
55.65         	3.994933e-02
55.7          	3.998538e-02
55.75         	4.001990e-02
55.8          	4.005267e-02
55.85         	4.008348e-02
55.9          	4.011220e-02
55.95         	4.013875e-02
56            	4.016313e-02
56.05         	4.018539e-02
56.1          	4.020568e-02
56.15         	4.022420e-02
56.2          	4.024117e-02
56.25         	4.025666e-02
56.3          	4.027059e-02
56.35         	4.028263e-02
56.4          	4.029220e-02
56.45         	4.029825e-02
56.5          	4.029964e-02
56.55         	4.029521e-02
56.6          	4.028394e-02
56.65         	4.026636e-02
56.7          	4.024044e-02
56.75         	4.020786e-02
56.8          	4.017120e-02
56.85         	4.013299e-02
56.9          	4.009479e-02
56.95         	4.005975e-02
57            	4.003115e-02
57.05         	4.000326e-02
57.1          	3.997932e-02
57.15         	3.995877e-02
57.2          	3.993888e-02
57.25         	3.993293e-02
57.3          	3.991667e-02
57.35         	3.990172e-02
57.4          	3.988807e-02
57.45         	3.987544e-02
57.5          	3.986351e-02
57.55         	3.985250e-02
57.6          	3.984338e-02
57.65         	3.983755e-02
57.7          	3.983293e-02
57.75         	3.983126e-02
57.8          	3.983314e-02
57.85         	3.983864e-02
57.9          	3.984738e-02
57.95         	3.986001e-02
58            	3.987443e-02
58.05         	3.989003e-02
58.1          	3.990694e-02
58.15         	3.992485e-02
58.2          	3.996832e-02
58.25         	3.998733e-02
58.3          	4.000635e-02
58.35         	4.002512e-02
58.4          	4.004325e-02
58.45         	4.006022e-02
58.5          	4.007545e-02
58.55         	4.010007e-02
58.6          	4.011346e-02
58.65         	4.012081e-02
58.7          	4.012393e-02
58.75         	4.012385e-02
58.8          	4.012126e-02
58.85         	4.011502e-02
58.9          	4.010525e-02
58.95         	4.009317e-02
59            	4.007946e-02
59.05         	4.010220e-02
59.1          	4.008558e-02
59.15         	4.006829e-02
59.2          	4.004949e-02
59.25         	4.002876e-02
59.3          	4.000726e-02
59.35         	3.998236e-02
59.4          	3.995327e-02
59.45         	3.992105e-02
59.5          	3.988581e-02
59.55         	3.984741e-02
59.6          	3.980440e-02
59.65         	3.975743e-02
59.7          	3.970691e-02
59.75         	3.965324e-02
59.8          	3.959740e-02
59.85         	3.954004e-02
59.9          	3.948231e-02
59.95         	3.942562e-02
60            	3.937137e-02
60.05         	3.932059e-02
60.1          	3.927453e-02
60.15         	3.923452e-02
60.2          	3.920165e-02
60.25         	3.917683e-02
60.3          	3.916056e-02
60.35         	3.915302e-02
60.4          	3.915399e-02
60.45         	3.916547e-02
60.5          	3.918202e-02
60.55         	3.920543e-02
60.6          	3.923401e-02
60.65         	3.926581e-02
60.7          	3.930568e-02
60.75         	3.934288e-02
60.8          	3.938008e-02
60.85         	3.941684e-02
60.9          	3.945322e-02
60.95         	3.976809e-02
61            	3.980526e-02
61.05         	3.984216e-02
61.1          	3.987857e-02
61.15         	3.991552e-02
61.2          	3.995420e-02
61.25         	3.999215e-02
61.3          	4.003005e-02
61.35         	4.006802e-02
61.4          	4.010560e-02
61.45         	4.014208e-02
61.5          	4.017692e-02
61.55         	4.020984e-02
61.6          	4.024078e-02
61.65         	4.027590e-02
61.7          	4.030370e-02
61.75         	4.033028e-02
61.8          	4.035566e-02
61.85         	4.037969e-02
61.9          	4.040205e-02
61.95         	4.042232e-02
62            	4.044006e-02
62.05         	4.045495e-02
62.1          	4.046682e-02
62.15         	4.047562e-02
62.2          	4.048147e-02
62.25         	4.048460e-02
62.3          	4.048530e-02
62.35         	4.048384e-02
62.4          	4.048048e-02
62.45         	4.047540e-02
62.5          	4.046877e-02
62.55         	4.046065e-02
62.6          	4.045110e-02
62.65         	4.044013e-02
62.7          	4.042770e-02
62.75         	4.041487e-02
62.8          	4.039956e-02
62.85         	4.038292e-02
62.9          	4.036516e-02
62.95         	4.034651e-02
63            	4.032727e-02
63.05         	4.031443e-02
63.1          	4.029506e-02
63.15         	4.027625e-02
63.2          	4.025838e-02
63.25         	4.024176e-02
63.3          	4.022665e-02
63.35         	4.021318e-02
63.4          	4.020157e-02
63.45         	4.019189e-02
63.5          	4.018403e-02
63.55         	4.017765e-02
63.6          	4.017210e-02
63.65         	4.016666e-02
63.7          	4.015920e-02
63.75         	4.015189e-02
63.8          	4.013745e-02
63.85         	4.011858e-02
63.9          	4.009555e-02
63.95         	4.006904e-02
64            	4.003989e-02
64.05         	4.000882e-02
64.1          	3.997633e-02
64.15         	3.994259e-02
64.2          	3.990758e-02
64.25         	3.987132e-02
64.3          	3.983398e-02
64.35         	3.979609e-02
64.4          	3.975748e-02
64.45         	3.971880e-02
64.5          	3.968058e-02
64.55         	3.964348e-02
64.6          	3.960832e-02
64.65         	3.957589e-02
64.7          	3.954685e-02
64.75         	3.952159e-02
64.8          	3.950026e-02
64.85         	3.948294e-02
64.9          	3.946935e-02
64.95         	3.945947e-02
65            	3.945316e-02
65.05         	3.945032e-02
65.1          	3.945486e-02
65.15         	3.945859e-02
65.2          	3.946540e-02
65.25         	3.947502e-02
65.3          	3.948709e-02
65.35         	3.950114e-02
65.4          	3.951716e-02
65.45         	3.953339e-02
65.5          	3.954979e-02
65.55         	3.956586e-02
65.6          	3.958124e-02
65.65         	3.959570e-02
65.7          	3.960916e-02
65.75         	3.962152e-02
65.8          	3.963279e-02
65.85         	3.964312e-02
65.9          	3.965254e-02
65.95         	3.972445e-02
66            	3.973202e-02
66.05         	3.973870e-02
66.1          	3.974452e-02
66.15         	3.974945e-02
66.2          	3.975356e-02
66.25         	3.975690e-02
66.3          	3.976102e-02
66.35         	3.976255e-02
66.4          	3.976317e-02
66.45         	3.977237e-02
66.5          	3.977131e-02
66.55         	3.976967e-02
66.6          	3.976778e-02
66.65         	3.977834e-02
66.7          	3.977712e-02
66.75         	3.977677e-02
66.8          	3.977754e-02
66.85         	3.977954e-02
66.9          	3.978266e-02
66.95         	3.978663e-02
67            	3.979109e-02
67.05         	3.979571e-02
67.1          	3.980030e-02
67.15         	3.980481e-02
67.2          	3.980935e-02
67.25         	3.981417e-02
67.3          	3.981959e-02
67.35         	3.982594e-02
67.4          	3.983805e-02
67.45         	3.984703e-02
67.5          	3.985748e-02
67.55         	3.986921e-02
67.6          	3.988643e-02
67.65         	3.990013e-02
67.7          	3.991452e-02
67.75         	3.992936e-02
67.8          	3.994437e-02
67.85         	3.995946e-02
67.9          	3.997409e-02
67.95         	3.999093e-02
68            	4.000432e-02
68.05         	4.001677e-02
68.1          	4.002795e-02
68.15         	4.003791e-02
68.2          	4.004659e-02
68.25         	4.005370e-02
68.3          	4.005927e-02
68.35         	4.006342e-02
68.4          	4.006621e-02
68.45         	4.006745e-02
68.5          	4.006748e-02
68.55         	4.006678e-02
68.6          	4.006554e-02
68.65         	4.006360e-02
68.7          	4.006082e-02
68.75         	4.005766e-02
68.8          	4.005441e-02
68.85         	4.005107e-02
68.9          	4.004748e-02
68.95         	4.004391e-02
69            	4.004111e-02
69.05         	4.003860e-02
69.1          	4.003554e-02
69.15         	4.003285e-02
69.2          	4.002813e-02
69.25         	4.002568e-02
69.3          	4.001910e-02
69.35         	4.001028e-02
69.4          	4.000348e-02
69.45         	3.999801e-02
69.5          	3.999222e-02
69.55         	3.998755e-02
69.6          	3.998481e-02
69.65         	3.998401e-02
69.7          	3.998228e-02
69.75         	3.997921e-02
69.8          	3.997634e-02
69.85         	3.997317e-02
69.9          	3.996824e-02
69.95         	3.996019e-02
70            	3.995094e-02
70.05         	3.994140e-02
70.1          	3.993122e-02
70.15         	3.992221e-02
70.2          	3.991458e-02
70.25         	3.990943e-02
70.3          	3.990770e-02
70.35         	3.990942e-02
70.4          	3.991381e-02
70.45         	3.992041e-02
70.5          	3.992923e-02
70.55         	3.994025e-02
70.6          	3.995324e-02
70.65         	3.996817e-02
70.7          	3.998520e-02
70.75         	4.000380e-02
70.8          	4.002331e-02
70.85         	4.004344e-02
70.9          	4.006383e-02
70.95         	4.008360e-02
71            	4.011101e-02
71.05         	4.012758e-02
71.1          	4.014112e-02
71.15         	4.015130e-02
71.2          	4.015726e-02
71.25         	4.015825e-02
71.3          	4.015373e-02
71.35         	4.014461e-02
71.4          	4.013081e-02
71.45         	4.011220e-02
71.5          	4.009424e-02
71.55         	4.006821e-02
71.6          	4.003994e-02
71.65         	4.001062e-02
71.7          	3.998132e-02
71.75         	3.995303e-02
71.8          	3.992658e-02
71.85         	3.990261e-02
71.9          	3.988269e-02
71.95         	3.986574e-02
72            	3.985307e-02
72.05         	3.984482e-02
72.1          	3.983960e-02
72.15         	3.983720e-02
72.2          	3.983717e-02
72.25         	3.983902e-02
72.3          	3.984556e-02
72.35         	3.985100e-02
72.4          	3.985819e-02
72.45         	3.986729e-02
72.5          	3.987909e-02
72.55         	3.989113e-02
72.6          	3.990361e-02
72.65         	3.991636e-02
72.7          	3.992937e-02
72.75         	3.994266e-02
72.8          	3.995897e-02
72.85         	3.997253e-02
72.9          	3.998912e-02
72.95         	4.000217e-02
73            	4.001468e-02
73.05         	4.002719e-02
73.1          	4.003935e-02
73.15         	4.005832e-02
73.2          	4.007051e-02
73.25         	4.008276e-02
73.3          	4.009488e-02
73.35         	4.010686e-02
73.4          	4.012025e-02
73.45         	4.013196e-02
73.5          	4.014347e-02
73.55         	4.015462e-02
73.6          	4.016532e-02
73.65         	4.018166e-02
73.7          	4.019159e-02
73.75         	4.020058e-02
73.8          	4.020895e-02
73.85         	4.021611e-02
73.9          	4.022222e-02
73.95         	4.022712e-02
74            	4.023052e-02
74.05         	4.023228e-02
74.1          	4.023234e-02
74.15         	4.023073e-02
74.2          	4.022721e-02
74.25         	4.022181e-02
74.3          	4.021522e-02
74.35         	4.020587e-02
74.4          	4.019446e-02
74.45         	4.018096e-02
74.5          	4.016537e-02
74.55         	4.014775e-02
74.6          	4.012833e-02
74.65         	4.010737e-02
74.7          	4.008520e-02
74.75         	4.006235e-02
74.8          	4.003904e-02
74.85         	4.001616e-02
74.9          	3.999418e-02
74.95         	3.997356e-02
75            	3.995483e-02
75.05         	3.993844e-02
75.1          	3.992442e-02
75.15         	3.991277e-02
75.2          	3.990327e-02
75.25         	3.989568e-02
75.3          	3.988987e-02
75.35         	3.988564e-02
75.4          	3.988292e-02
75.45         	3.988182e-02
75.5          	3.988997e-02
75.55         	3.989248e-02
75.6          	3.989727e-02
75.65         	3.990465e-02
75.7          	3.991488e-02
75.75         	3.992725e-02
75.8          	3.994165e-02
75.85         	3.995869e-02
75.9          	3.997572e-02
75.95         	3.999283e-02
76            	4.000923e-02
76.05         	4.002416e-02
76.1          	4.003654e-02
76.15         	4.004522e-02
76.2          	4.004926e-02
76.25         	4.004796e-02
76.3          	4.004079e-02
76.35         	4.002757e-02
76.4          	4.000855e-02
76.45         	3.998460e-02
76.5          	3.995671e-02
76.55         	3.992590e-02
76.6          	3.989316e-02
76.65         	3.985953e-02
76.7          	3.982600e-02
76.75         	3.979391e-02
76.8          	3.976419e-02
76.85         	3.973742e-02
76.9          	3.971394e-02
76.95         	3.969371e-02
77            	3.967648e-02
77.05         	3.966213e-02
77.1          	3.965043e-02
77.15         	3.965615e-02
77.2          	3.964827e-02
77.25         	3.964146e-02
77.3          	3.963538e-02
77.35         	3.963043e-02
77.4          	3.962531e-02
77.45         	3.962029e-02
77.5          	3.961520e-02
77.55         	3.960983e-02
77.6          	3.960406e-02
77.65         	3.960096e-02
77.7          	3.959392e-02
77.75         	3.958650e-02
77.8          	3.957875e-02
77.85         	3.957092e-02
77.9          	3.958725e-02
77.95         	3.958069e-02
78            	3.957573e-02
78.05         	3.957260e-02
78.1          	3.957207e-02
78.15         	3.957357e-02
78.2          	3.957743e-02
78.25         	3.958418e-02
78.3          	3.959431e-02
78.35         	3.960835e-02
78.4          	3.962661e-02
78.45         	3.964873e-02
78.5          	3.967402e-02
78.55         	3.970257e-02
78.6          	3.973480e-02
78.65         	3.977040e-02
78.7          	3.980814e-02
78.75         	3.984938e-02
78.8          	3.988990e-02
78.85         	3.993188e-02
78.9          	3.997466e-02
78.95         	4.001726e-02
79            	4.005749e-02
79.05         	4.009542e-02
79.1          	4.013454e-02
79.15         	4.016724e-02
79.2          	4.019608e-02
79.25         	4.022001e-02
79.3          	4.023911e-02
79.35         	4.025264e-02
79.4          	4.026063e-02
79.45         	4.027605e-02
79.5          	4.027414e-02
79.55         	4.026829e-02
79.6          	4.025883e-02
79.65         	4.024630e-02
79.7          	4.023145e-02
79.75         	4.021527e-02
79.8          	4.021703e-02
79.85         	4.020041e-02
79.9          	4.018475e-02
79.95         	4.017069e-02
80            	4.015874e-02
80.05         	4.014925e-02
80.1          	4.014252e-02
80.15         	4.013888e-02
80.2          	4.013845e-02
80.25         	4.014111e-02
80.3          	4.014682e-02
80.35         	4.015538e-02
80.4          	4.016666e-02
80.45         	4.017988e-02
80.5          	4.019421e-02
80.55         	4.021481e-02
80.6          	4.022993e-02
80.65         	4.024459e-02
80.7          	4.025814e-02
80.75         	4.026917e-02
80.8          	4.027685e-02
80.85         	4.027987e-02
80.9          	4.028003e-02
80.95         	4.027645e-02
81            	4.026974e-02
81.05         	4.026034e-02
81.1          	4.024907e-02
81.15         	4.023527e-02
81.2          	4.022114e-02
81.25         	4.020571e-02
81.3          	4.019142e-02
81.35         	4.017835e-02
81.4          	4.016623e-02
81.45         	4.015503e-02
81.5          	4.014489e-02
81.55         	4.013723e-02
81.6          	4.012960e-02
81.65         	4.012323e-02
81.7          	4.011830e-02
81.75         	4.011491e-02
81.8          	4.011321e-02
81.85         	4.011828e-02
81.9          	4.012026e-02
81.95         	4.012429e-02
82            	4.013044e-02
82.05         	4.013861e-02
82.1          	4.014850e-02
82.15         	4.015966e-02
82.2          	4.017158e-02
82.25         	4.018372e-02
82.3          	4.019541e-02
82.35         	4.020612e-02
82.4          	4.021533e-02
82.45         	4.022245e-02
82.5          	4.022669e-02
82.55         	4.022765e-02
82.6          	4.022503e-02
82.65         	4.021849e-02
82.7          	4.020810e-02
82.75         	4.019383e-02
82.8          	4.017563e-02
82.85         	4.015545e-02
82.9          	4.013203e-02
82.95         	4.010798e-02
83            	4.008382e-02
83.05         	4.005970e-02
83.1          	4.003470e-02
83.15         	4.001028e-02
83.2          	3.998647e-02
83.25         	3.996288e-02
83.3          	3.993843e-02
83.35         	3.991911e-02
83.4          	3.990374e-02
83.45         	3.989116e-02
83.5          	3.988432e-02
83.55         	3.988169e-02
83.6          	3.988138e-02
83.65         	3.988302e-02
83.7          	3.988649e-02
83.75         	3.999941e-02
83.8          	4.000458e-02
83.85         	4.000983e-02
83.9          	4.001377e-02
83.95         	4.002780e-02
84            	4.002738e-02
84.05         	4.002707e-02
84.1          	4.003056e-02
84.15         	4.003833e-02
84.2          	4.004936e-02
84.25         	4.006390e-02
84.3          	4.008136e-02
84.35         	4.010058e-02
84.4          	4.012096e-02
84.45         	4.014188e-02
84.5          	4.016273e-02
84.55         	4.018282e-02
84.6          	4.020175e-02
84.65         	4.021930e-02
84.7          	4.023537e-02
84.75         	4.025022e-02
84.8          	4.026384e-02
84.85         	4.027664e-02
84.9          	4.028880e-02
84.95         	4.030018e-02
85            	4.031284e-02
85.05         	4.032246e-02
85.1          	4.033032e-02
85.15         	4.033768e-02
85.2          	4.033936e-02
85.25         	4.033685e-02
85.3          	4.033746e-02
85.35         	4.032753e-02
85.4          	4.031154e-02
85.45         	4.029408e-02
85.5          	4.027453e-02
85.55         	4.024815e-02
85.6          	4.022010e-02
85.65         	4.019120e-02
85.7          	4.016236e-02
85.75         	4.013428e-02
85.8          	4.010732e-02
85.85         	4.008167e-02
85.9          	4.005721e-02
85.95         	4.003548e-02
86            	4.001221e-02
86.05         	3.998876e-02
86.1          	3.996469e-02
86.15         	3.994007e-02
86.2          	3.994870e-02
86.25         	3.992254e-02
86.3          	3.989561e-02
86.35         	3.986756e-02
86.4          	3.983872e-02
86.45         	3.980937e-02
86.5          	3.977909e-02
86.55         	3.975007e-02
86.6          	3.972229e-02
86.65         	3.969709e-02
86.7          	3.967560e-02
86.75         	3.965914e-02
86.8          	3.964848e-02
86.85         	3.966247e-02
86.9          	3.966507e-02
86.95         	3.967378e-02
87            	3.968774e-02
87.05         	3.970667e-02
87.1          	3.973092e-02
87.15         	3.976297e-02
87.2          	3.979602e-02
87.25         	3.983368e-02
87.3          	3.988316e-02
87.35         	3.992847e-02
87.4          	3.997654e-02
87.45         	4.003381e-02
87.5          	4.008494e-02
87.55         	4.013609e-02
87.6          	4.018631e-02
87.65         	4.023475e-02
87.7          	4.028075e-02
87.75         	4.032369e-02
87.8          	4.036712e-02
87.85         	4.040333e-02
87.9          	4.043389e-02
87.95         	4.045992e-02
88            	4.048160e-02
88.05         	4.049924e-02
88.1          	4.051330e-02
88.15         	4.052434e-02
88.2          	4.053300e-02
88.25         	4.053996e-02
88.3          	4.054593e-02
88.35         	4.055144e-02
88.4          	4.055683e-02
88.45         	4.056232e-02
88.5          	4.056874e-02
88.55         	4.057444e-02
88.6          	4.058010e-02
88.65         	4.058556e-02
88.7          	4.059063e-02
88.75         	4.061591e-02
88.8          	4.061958e-02
88.85         	4.062200e-02
88.9          	4.062293e-02
88.95         	4.062669e-02
89            	4.062354e-02
89.05         	4.061780e-02
89.1          	4.060919e-02
89.15         	4.059747e-02
89.2          	4.058257e-02
89.25         	4.056447e-02
89.3          	4.054334e-02
89.35         	4.051959e-02
89.4          	4.049331e-02
89.45         	4.046498e-02
89.5          	4.043500e-02
89.55         	4.040374e-02
89.6          	4.037171e-02
89.65         	4.033951e-02
89.7          	4.031133e-02
89.75         	4.027864e-02
89.8          	4.024685e-02
89.85         	4.021948e-02
89.9          	4.019081e-02
89.95         	4.016420e-02
90            	4.013985e-02
