# Region      : all 
# Cells       : 16000
# Volume      : 2.000000e-03
# Time        	volAverage(alpha.air)
0             	0.000000e+00
0.05          	5.244020e-04
0.1           	1.024402e-03
0.15          	1.524402e-03
0.2           	2.024420e-03
0.25          	2.524420e-03
0.3           	3.024420e-03
0.35          	3.524420e-03
0.4           	4.024420e-03
0.45          	4.524420e-03
0.5           	5.024425e-03
0.55          	5.524425e-03
0.6           	6.024427e-03
0.65          	6.524427e-03
0.7           	7.024436e-03
0.75          	7.524447e-03
0.8           	8.024458e-03
0.85          	8.524459e-03
0.9           	9.024461e-03
0.95          	9.524463e-03
1             	1.002446e-02
1.05          	1.052447e-02
1.1           	1.102447e-02
1.15          	1.152448e-02
1.2           	1.202448e-02
1.25          	1.252448e-02
1.3           	1.302449e-02
1.35          	1.352449e-02
1.4           	1.402449e-02
1.45          	1.452449e-02
1.5           	1.502449e-02
1.55          	1.552449e-02
1.6           	1.602449e-02
1.65          	1.652449e-02
1.7           	1.702450e-02
1.75          	1.752450e-02
1.8           	1.802450e-02
1.85          	1.852451e-02
1.9           	1.902451e-02
1.95          	1.952451e-02
2             	2.002451e-02
2.05          	2.052451e-02
2.1           	2.102452e-02
2.15          	2.152453e-02
2.2           	2.202457e-02
2.25          	2.252461e-02
2.3           	2.302465e-02
2.35          	2.352467e-02
2.4           	2.402471e-02
2.45          	2.452471e-02
2.5           	2.502471e-02
2.55          	2.552471e-02
2.6           	2.602471e-02
2.65          	2.652472e-02
2.7           	2.702472e-02
2.75          	2.752472e-02
2.8           	2.802472e-02
2.85          	2.852472e-02
2.9           	2.902472e-02
2.95          	2.952472e-02
3             	3.002472e-02
3.05          	3.052472e-02
3.1           	3.102472e-02
3.15          	3.152472e-02
3.2           	3.202472e-02
3.25          	3.252472e-02
3.3           	3.302472e-02
3.35          	3.352472e-02
3.4           	3.402472e-02
3.45          	3.452472e-02
3.5           	3.502472e-02
3.55          	3.552472e-02
3.6           	3.602472e-02
3.65          	3.652472e-02
3.7           	3.702472e-02
3.75          	3.752472e-02
3.8           	3.802467e-02
3.85          	3.852395e-02
3.9           	3.901998e-02
3.95          	3.950716e-02
4             	3.997763e-02
4.05          	4.042213e-02
4.1           	4.083144e-02
4.15          	4.119686e-02
4.2           	4.151120e-02
4.25          	4.176823e-02
4.3           	4.196143e-02
4.35          	4.208333e-02
4.4           	4.212836e-02
4.45          	4.210147e-02
4.5           	4.202237e-02
4.55          	4.192234e-02
4.6           	4.182956e-02
4.65          	4.175486e-02
4.7           	4.169537e-02
4.75          	4.164579e-02
4.8           	4.160028e-02
4.85          	4.155238e-02
4.9           	4.149384e-02
4.95          	4.141169e-02
5             	4.129720e-02
5.05          	4.116437e-02
5.1           	4.105335e-02
5.15          	4.098699e-02
5.2           	4.095244e-02
5.25          	4.093362e-02
5.3           	4.092149e-02
5.35          	4.091202e-02
5.4           	4.090294e-02
5.45          	4.089262e-02
5.5           	4.087912e-02
5.55          	4.086113e-02
5.6           	4.084008e-02
5.65          	4.082023e-02
5.7           	4.080553e-02
5.75          	4.079519e-02
5.8           	4.078415e-02
5.85          	4.076645e-02
5.9           	4.073823e-02
5.95          	4.069945e-02
6             	4.065237e-02
6.05          	4.060058e-02
6.1           	4.054814e-02
6.15          	4.049794e-02
6.2           	4.045044e-02
6.25          	4.040495e-02
6.3           	4.036241e-02
6.35          	4.032328e-02
6.4           	4.028631e-02
6.45          	4.025100e-02
6.5           	4.021716e-02
6.55          	4.018517e-02
6.6           	4.015544e-02
6.65          	4.012758e-02
6.7           	4.010064e-02
6.75          	4.007409e-02
6.8           	4.004809e-02
6.85          	4.002324e-02
6.9           	3.999980e-02
6.95          	3.997733e-02
7             	3.995546e-02
7.05          	3.993333e-02
7.1           	3.990985e-02
7.15          	3.988431e-02
7.2           	3.985640e-02
7.25          	3.982581e-02
7.3           	3.979324e-02
7.35          	3.975958e-02
7.4           	3.972643e-02
7.45          	3.969578e-02
7.5           	3.966919e-02
7.55          	3.964750e-02
7.6           	3.963034e-02
7.65          	3.961556e-02
7.7           	3.960099e-02
7.75          	3.958463e-02
7.8           	3.956522e-02
7.85          	3.954270e-02
7.9           	3.951756e-02
7.95          	3.949079e-02
8             	3.946325e-02
8.05          	3.943542e-02
8.1           	3.940758e-02
8.15          	3.937935e-02
8.2           	3.935002e-02
8.25          	3.931869e-02
8.3           	3.928545e-02
8.35          	3.925198e-02
8.4           	3.922208e-02
8.45          	3.920041e-02
8.5           	3.918708e-02
8.55          	3.917968e-02
8.6           	3.917648e-02
8.65          	3.917628e-02
8.7           	3.917877e-02
8.75          	3.918320e-02
8.8           	3.918799e-02
8.85          	3.919199e-02
8.9           	3.919489e-02
8.95          	3.919667e-02
9             	3.919772e-02
9.05          	3.919834e-02
9.1           	3.919899e-02
9.15          	3.920023e-02
9.2           	3.920259e-02
9.25          	3.920663e-02
9.3           	3.921303e-02
9.35          	3.922265e-02
9.4           	3.923614e-02
9.45          	3.925382e-02
9.5           	3.927557e-02
9.55          	3.930120e-02
9.6           	3.933037e-02
9.65          	3.936175e-02
9.7           	3.939303e-02
9.75          	3.942174e-02
9.8           	3.944560e-02
9.85          	3.946292e-02
9.9           	3.947258e-02
9.95          	3.947431e-02
10            	3.946880e-02
10.05         	3.945694e-02
10.1          	3.943999e-02
10.15         	3.941963e-02
10.2          	3.939587e-02
10.25         	3.936846e-02
10.3          	3.933790e-02
10.35         	3.930468e-02
10.4          	3.926996e-02
10.45         	3.923430e-02
10.5          	3.919806e-02
10.55         	3.916131e-02
10.6          	3.912628e-02
10.65         	3.909478e-02
10.7          	3.906704e-02
10.75         	3.904337e-02
10.8          	3.902413e-02
10.85         	3.900868e-02
10.9          	3.899677e-02
10.95         	3.898890e-02
11            	3.898488e-02
11.05         	3.898522e-02
11.1          	3.898968e-02
11.15         	3.899809e-02
11.2          	3.901042e-02
11.25         	3.902666e-02
11.3          	3.904666e-02
11.35         	3.907013e-02
11.4          	3.909643e-02
11.45         	3.912415e-02
11.5          	3.915169e-02
11.55         	3.917740e-02
11.6          	3.919999e-02
11.65         	3.921883e-02
11.7          	3.923373e-02
11.75         	3.924485e-02
11.8          	3.925242e-02
11.85         	3.925681e-02
11.9          	3.925797e-02
11.95         	3.925545e-02
12            	3.924902e-02
12.05         	3.923881e-02
12.1          	3.922511e-02
12.15         	3.920865e-02
12.2          	3.919068e-02
12.25         	3.917212e-02
12.3          	3.915357e-02
12.35         	3.913545e-02
12.4          	3.911780e-02
12.45         	3.910045e-02
12.5          	3.908351e-02
12.55         	3.906661e-02
12.6          	3.904891e-02
12.65         	3.903007e-02
12.7          	3.901016e-02
12.75         	3.898959e-02
12.8          	3.896966e-02
12.85         	3.895130e-02
12.9          	3.893487e-02
12.95         	3.892015e-02
13            	3.890704e-02
13.05         	3.889553e-02
13.1          	3.888590e-02
13.15         	3.887741e-02
13.2          	3.886986e-02
13.25         	3.886365e-02
13.3          	3.885959e-02
13.35         	3.885837e-02
13.4          	3.886066e-02
13.45         	3.886673e-02
13.5          	3.887626e-02
13.55         	3.888834e-02
13.6          	3.890238e-02
13.65         	3.891769e-02
13.7          	3.893368e-02
13.75         	3.894977e-02
13.8          	3.896524e-02
13.85         	3.897933e-02
13.9          	3.899117e-02
13.95         	3.900035e-02
14            	3.900658e-02
14.05         	3.901002e-02
14.1          	3.901121e-02
14.15         	3.901106e-02
14.2          	3.901065e-02
14.25         	3.901091e-02
14.3          	3.901253e-02
14.35         	3.901584e-02
14.4          	3.902158e-02
14.45         	3.903163e-02
14.5          	3.904866e-02
14.55         	3.907414e-02
14.6          	3.910767e-02
14.65         	3.914709e-02
14.7          	3.918994e-02
14.75         	3.923411e-02
14.8          	3.927783e-02
14.85         	3.931855e-02
14.9          	3.935551e-02
14.95         	3.938813e-02
15            	3.941364e-02
15.05         	3.943272e-02
15.1          	3.944624e-02
15.15         	3.945732e-02
15.2          	3.946563e-02
15.25         	3.947491e-02
15.3          	3.948836e-02
15.35         	3.950369e-02
15.4          	3.952419e-02
15.45         	3.955046e-02
15.5          	3.957854e-02
15.55         	3.960920e-02
15.6          	3.964212e-02
15.65         	3.967588e-02
15.7          	3.971115e-02
15.75         	3.974795e-02
15.8          	3.978591e-02
15.85         	3.982398e-02
15.9          	3.986131e-02
15.95         	3.989718e-02
16            	3.993110e-02
16.05         	3.996255e-02
16.1          	3.999237e-02
16.15         	4.002278e-02
16.2          	4.005560e-02
16.25         	4.008913e-02
16.3          	4.012147e-02
16.35         	4.015032e-02
16.4          	4.017361e-02
16.45         	4.018985e-02
16.5          	4.019800e-02
16.55         	4.019723e-02
16.6          	4.018655e-02
16.65         	4.016545e-02
16.7          	4.013409e-02
16.75         	4.009295e-02
16.8          	4.004247e-02
16.85         	3.998278e-02
16.9          	3.991361e-02
16.95         	3.983511e-02
17            	3.974922e-02
17.05         	3.965976e-02
17.1          	3.957020e-02
17.15         	3.948360e-02
17.2          	3.940345e-02
17.25         	3.933194e-02
17.3          	3.926918e-02
17.35         	3.921282e-02
17.4          	3.916008e-02
17.45         	3.911108e-02
17.5          	3.906736e-02
17.55         	3.903115e-02
17.6          	3.900358e-02
17.65         	3.898134e-02
17.7          	3.896145e-02
17.75         	3.894279e-02
17.8          	3.892428e-02
17.85         	3.890498e-02
17.9          	3.888497e-02
17.95         	3.886447e-02
18            	3.884412e-02
18.05         	3.882497e-02
18.1          	3.880861e-02
18.15         	3.879703e-02
18.2          	3.879198e-02
18.25         	3.879357e-02
18.3          	3.880104e-02
18.35         	3.881335e-02
18.4          	3.882887e-02
18.45         	3.884578e-02
18.5          	3.886254e-02
18.55         	3.887786e-02
18.6          	3.889066e-02
18.65         	3.890029e-02
18.7          	3.890648e-02
18.75         	3.890910e-02
18.8          	3.890815e-02
18.85         	3.890401e-02
18.9          	3.889783e-02
18.95         	3.889111e-02
19            	3.888568e-02
19.05         	3.888311e-02
19.1          	3.888561e-02
19.15         	3.889528e-02
19.2          	3.891174e-02
19.25         	3.893440e-02
19.3          	3.896211e-02
19.35         	3.899269e-02
19.4          	3.902423e-02
19.45         	3.905566e-02
19.5          	3.908648e-02
19.55         	3.911652e-02
19.6          	3.914483e-02
19.65         	3.917037e-02
19.7          	3.919148e-02
19.75         	3.920722e-02
19.8          	3.921668e-02
19.85         	3.921951e-02
19.9          	3.921625e-02
19.95         	3.920844e-02
20            	3.919836e-02
20.05         	3.918852e-02
20.1          	3.918175e-02
20.15         	3.918048e-02
20.2          	3.918617e-02
20.25         	3.919877e-02
20.3          	3.921694e-02
20.35         	3.923783e-02
20.4          	3.925748e-02
20.45         	3.927254e-02
20.5          	3.928135e-02
20.55         	3.928373e-02
20.6          	3.928096e-02
20.65         	3.927535e-02
20.7          	3.926870e-02
20.75         	3.926221e-02
20.8          	3.925637e-02
20.85         	3.925130e-02
20.9          	3.924733e-02
20.95         	3.924444e-02
21            	3.924209e-02
21.05         	3.923917e-02
21.1          	3.923431e-02
21.15         	3.922581e-02
21.2          	3.921196e-02
21.25         	3.919281e-02
21.3          	3.917134e-02
21.35         	3.915076e-02
21.4          	3.913282e-02
21.45         	3.911714e-02
21.5          	3.910240e-02
21.55         	3.908749e-02
21.6          	3.907164e-02
21.65         	3.905465e-02
21.7          	3.903685e-02
21.75         	3.901897e-02
21.8          	3.900185e-02
21.85         	3.898601e-02
21.9          	3.897174e-02
21.95         	3.895891e-02
22            	3.894708e-02
22.05         	3.893592e-02
22.1          	3.892520e-02
22.15         	3.891430e-02
22.2          	3.890355e-02
22.25         	3.889333e-02
22.3          	3.888343e-02
22.35         	3.887396e-02
22.4          	3.886531e-02
22.45         	3.885876e-02
22.5          	3.885673e-02
22.55         	3.886111e-02
22.6          	3.887227e-02
22.65         	3.888953e-02
22.7          	3.891126e-02
22.75         	3.893532e-02
22.8          	3.895938e-02
22.85         	3.898155e-02
22.9          	3.900028e-02
22.95         	3.901476e-02
23            	3.902494e-02
23.05         	3.903085e-02
23.1          	3.903251e-02
23.15         	3.902992e-02
23.2          	3.902348e-02
23.25         	3.901361e-02
23.3          	3.900079e-02
23.35         	3.898445e-02
23.4          	3.896345e-02
23.45         	3.893708e-02
23.5          	3.890533e-02
23.55         	3.886828e-02
23.6          	3.882707e-02
23.65         	3.878267e-02
23.7          	3.873738e-02
23.75         	3.869241e-02
23.8          	3.864901e-02
23.85         	3.860779e-02
23.9          	3.856963e-02
23.95         	3.853480e-02
24            	3.850330e-02
24.05         	3.847523e-02
24.1          	3.845034e-02
24.15         	3.842874e-02
24.2          	3.840900e-02
24.25         	3.839018e-02
24.3          	3.837189e-02
24.35         	3.835452e-02
24.4          	3.833977e-02
24.45         	3.833018e-02
24.5          	3.832816e-02
24.55         	3.833518e-02
24.6          	3.835088e-02
24.65         	3.837422e-02
24.7          	3.840382e-02
24.75         	3.843789e-02
24.8          	3.847430e-02
24.85         	3.851239e-02
24.9          	3.855299e-02
24.95         	3.859708e-02
25            	3.864525e-02
25.05         	3.869610e-02
25.1          	3.874689e-02
25.15         	3.879486e-02
25.2          	3.883872e-02
25.25         	3.887889e-02
25.3          	3.891530e-02
25.35         	3.895121e-02
25.4          	3.898627e-02
25.45         	3.901772e-02
25.5          	3.904456e-02
25.55         	3.906475e-02
25.6          	3.907629e-02
25.65         	3.907858e-02
25.7          	3.907211e-02
25.75         	3.905525e-02
25.8          	3.902871e-02
25.85         	3.899478e-02
25.9          	3.895586e-02
25.95         	3.891450e-02
26            	3.887305e-02
26.05         	3.883363e-02
26.1          	3.879667e-02
26.15         	3.876231e-02
26.2          	3.873046e-02
26.25         	3.869981e-02
26.3          	3.866930e-02
26.35         	3.863896e-02
26.4          	3.860833e-02
26.45         	3.857774e-02
26.5          	3.854831e-02
26.55         	3.852084e-02
26.6          	3.849551e-02
26.65         	3.847281e-02
26.7          	3.845359e-02
26.75         	3.843838e-02
26.8          	3.842757e-02
26.85         	3.842133e-02
26.9          	3.841965e-02
26.95         	3.842234e-02
27            	3.842967e-02
27.05         	3.844182e-02
27.1          	3.845860e-02
27.15         	3.847972e-02
27.2          	3.850522e-02
27.25         	3.853514e-02
27.3          	3.856885e-02
27.35         	3.860517e-02
27.4          	3.864301e-02
27.45         	3.868067e-02
27.5          	3.871620e-02
27.55         	3.874776e-02
27.6          	3.877405e-02
27.65         	3.879464e-02
27.7          	3.880963e-02
27.75         	3.881935e-02
27.8          	3.882447e-02
27.85         	3.882616e-02
27.9          	3.882533e-02
27.95         	3.882265e-02
28            	3.881847e-02
28.05         	3.881278e-02
28.1          	3.880582e-02
28.15         	3.879832e-02
28.2          	3.879190e-02
28.25         	3.878764e-02
28.3          	3.878636e-02
28.35         	3.878803e-02
28.4          	3.879417e-02
28.45         	3.880604e-02
28.5          	3.882327e-02
28.55         	3.884402e-02
28.6          	3.886705e-02
28.65         	3.889073e-02
28.7          	3.891414e-02
28.75         	3.893775e-02
28.8          	3.896118e-02
28.85         	3.898396e-02
28.9          	3.900634e-02
28.95         	3.902908e-02
29            	3.905300e-02
29.05         	3.907849e-02
29.1          	3.910542e-02
29.15         	3.913397e-02
29.2          	3.916443e-02
29.25         	3.919699e-02
29.3          	3.923175e-02
29.35         	3.926829e-02
29.4          	3.930592e-02
29.45         	3.934397e-02
29.5          	3.938172e-02
29.55         	3.941849e-02
29.6          	3.945387e-02
29.65         	3.948768e-02
29.7          	3.952003e-02
29.75         	3.955120e-02
29.8          	3.958160e-02
29.85         	3.961168e-02
29.9          	3.964152e-02
29.95         	3.967104e-02
30            	3.970043e-02
30.05         	3.972968e-02
30.1          	3.975826e-02
30.15         	3.978539e-02
30.2          	3.981011e-02
30.25         	3.983116e-02
30.3          	3.984742e-02
30.35         	3.985788e-02
30.4          	3.986203e-02
30.45         	3.986006e-02
30.5          	3.985289e-02
30.55         	3.984215e-02
30.6          	3.982927e-02
30.65         	3.981542e-02
30.7          	3.980193e-02
30.75         	3.978997e-02
30.8          	3.978005e-02
30.85         	3.977209e-02
30.9          	3.976530e-02
30.95         	3.975821e-02
31            	3.974979e-02
31.05         	3.973913e-02
31.1          	3.972508e-02
31.15         	3.970710e-02
31.2          	3.968527e-02
31.25         	3.966068e-02
31.3          	3.963486e-02
31.35         	3.960741e-02
31.4          	3.957832e-02
31.45         	3.954888e-02
31.5          	3.951895e-02
31.55         	3.948744e-02
31.6          	3.945275e-02
31.65         	3.941393e-02
31.7          	3.937222e-02
31.75         	3.933055e-02
31.8          	3.929124e-02
31.85         	3.925504e-02
31.9          	3.922340e-02
31.95         	3.919616e-02
32            	3.917287e-02
32.05         	3.915305e-02
32.1          	3.913656e-02
32.15         	3.912291e-02
32.2          	3.911152e-02
32.25         	3.910128e-02
32.3          	3.909024e-02
32.35         	3.907647e-02
32.4          	3.905793e-02
32.45         	3.903251e-02
32.5          	3.899857e-02
32.55         	3.895498e-02
32.6          	3.890173e-02
32.65         	3.884003e-02
32.7          	3.877278e-02
32.75         	3.870394e-02
32.8          	3.863793e-02
32.85         	3.857772e-02
32.9          	3.852484e-02
32.95         	3.848047e-02
33            	3.844548e-02
33.05         	3.841996e-02
33.1          	3.840311e-02
33.15         	3.839374e-02
33.2          	3.839048e-02
33.25         	3.839208e-02
33.3          	3.839771e-02
33.35         	3.840643e-02
33.4          	3.841750e-02
33.45         	3.843043e-02
33.5          	3.844465e-02
33.55         	3.845989e-02
33.6          	3.847635e-02
33.65         	3.849477e-02
33.7          	3.851627e-02
33.75         	3.854194e-02
33.8          	3.857227e-02
33.85         	3.860711e-02
33.9          	3.864598e-02
33.95         	3.868796e-02
34            	3.873217e-02
34.05         	3.877750e-02
34.1          	3.882271e-02
34.15         	3.886685e-02
34.2          	3.890944e-02
34.25         	3.895030e-02
34.3          	3.898924e-02
34.35         	3.902667e-02
34.4          	3.906311e-02
34.45         	3.909865e-02
34.5          	3.913308e-02
34.55         	3.916654e-02
34.6          	3.919891e-02
34.65         	3.922992e-02
34.7          	3.925929e-02
34.75         	3.928655e-02
34.8          	3.931133e-02
34.85         	3.933337e-02
34.9          	3.935227e-02
34.95         	3.936803e-02
35            	3.938073e-02
35.05         	3.939055e-02
35.1          	3.939788e-02
35.15         	3.940309e-02
35.2          	3.940633e-02
35.25         	3.940755e-02
35.3          	3.940668e-02
35.35         	3.940357e-02
35.4          	3.939792e-02
35.45         	3.938926e-02
35.5          	3.937687e-02
35.55         	3.936018e-02
35.6          	3.933873e-02
35.65         	3.931225e-02
35.7          	3.928067e-02
35.75         	3.924412e-02
35.8          	3.920280e-02
35.85         	3.915777e-02
35.9          	3.911071e-02
35.95         	3.906412e-02
36            	3.902074e-02
36.05         	3.898312e-02
36.1          	3.895309e-02
36.15         	3.893077e-02
36.2          	3.891512e-02
36.25         	3.890515e-02
36.3          	3.889976e-02
36.35         	3.889774e-02
36.4          	3.889808e-02
36.45         	3.889985e-02
36.5          	3.890270e-02
36.55         	3.890645e-02
36.6          	3.891071e-02
36.65         	3.891529e-02
36.7          	3.892004e-02
36.75         	3.892488e-02
36.8          	3.892988e-02
36.85         	3.893512e-02
36.9          	3.894110e-02
36.95         	3.894822e-02
37            	3.895724e-02
37.05         	3.896953e-02
37.1          	3.898604e-02
37.15         	3.900742e-02
37.2          	3.903331e-02
37.25         	3.906238e-02
37.3          	3.909331e-02
37.35         	3.912474e-02
37.4          	3.915521e-02
37.45         	3.918356e-02
37.5          	3.920875e-02
37.55         	3.923002e-02
37.6          	3.924718e-02
37.65         	3.925998e-02
37.7          	3.926914e-02
37.75         	3.927537e-02
37.8          	3.927885e-02
37.85         	3.928056e-02
37.9          	3.928118e-02
37.95         	3.928133e-02
38            	3.928035e-02
38.05         	3.928113e-02
38.1          	3.928451e-02
38.15         	3.928885e-02
38.2          	3.929442e-02
38.25         	3.929882e-02
38.3          	3.930272e-02
38.35         	3.930665e-02
38.4          	3.931059e-02
38.45         	3.931502e-02
38.5          	3.932059e-02
38.55         	3.932819e-02
38.6          	3.933751e-02
38.65         	3.934796e-02
38.7          	3.935889e-02
38.75         	3.936980e-02
38.8          	3.938052e-02
38.85         	3.939185e-02
38.9          	3.940644e-02
38.95         	3.942696e-02
39            	3.945438e-02
39.05         	3.948839e-02
39.1          	3.952586e-02
39.15         	3.956419e-02
39.2          	3.960182e-02
39.25         	3.963727e-02
39.3          	3.966934e-02
39.35         	3.969727e-02
39.4          	3.972041e-02
39.45         	3.973786e-02
39.5          	3.974924e-02
39.55         	3.975432e-02
39.6          	3.975334e-02
39.65         	3.974656e-02
39.7          	3.973439e-02
39.75         	3.971751e-02
39.8          	3.969668e-02
39.85         	3.967274e-02
39.9          	3.964608e-02
39.95         	3.961729e-02
40            	3.958685e-02
40.05         	3.955522e-02
40.1          	3.952273e-02
40.15         	3.948977e-02
40.2          	3.945668e-02
40.25         	3.942362e-02
40.3          	3.939033e-02
40.35         	3.935684e-02
40.4          	3.932359e-02
40.45         	3.929085e-02
40.5          	3.925855e-02
40.55         	3.922661e-02
40.6          	3.919491e-02
40.65         	3.916314e-02
40.7          	3.913072e-02
40.75         	3.909717e-02
40.8          	3.906224e-02
40.85         	3.902584e-02
40.9          	3.898796e-02
40.95         	3.894873e-02
41            	3.890890e-02
41.05         	3.886962e-02
41.1          	3.883222e-02
41.15         	3.879812e-02
41.2          	3.876875e-02
41.25         	3.874500e-02
41.3          	3.872720e-02
41.35         	3.871589e-02
41.4          	3.871214e-02
41.45         	3.871674e-02
41.5          	3.872975e-02
41.55         	3.875106e-02
41.6          	3.878003e-02
41.65         	3.881556e-02
41.7          	3.885605e-02
41.75         	3.889957e-02
41.8          	3.894405e-02
41.85         	3.898731e-02
41.9          	3.902739e-02
41.95         	3.906276e-02
42            	3.909240e-02
42.05         	3.911596e-02
42.1          	3.913395e-02
42.15         	3.914778e-02
42.2          	3.915931e-02
42.25         	3.917061e-02
42.3          	3.918371e-02
42.35         	3.919982e-02
42.4          	3.921878e-02
42.45         	3.923934e-02
42.5          	3.925924e-02
42.55         	3.927533e-02
42.6          	3.928407e-02
42.65         	3.928227e-02
42.7          	3.926831e-02
42.75         	3.924183e-02
42.8          	3.920355e-02
42.85         	3.915508e-02
42.9          	3.909824e-02
42.95         	3.903508e-02
43            	3.896872e-02
43.05         	3.890266e-02
43.1          	3.883989e-02
43.15         	3.878179e-02
43.2          	3.872953e-02
43.25         	3.868353e-02
43.3          	3.864329e-02
43.35         	3.860770e-02
43.4          	3.857621e-02
43.45         	3.854871e-02
43.5          	3.852476e-02
43.55         	3.850451e-02
43.6          	3.849015e-02
43.65         	3.848450e-02
43.7          	3.848982e-02
43.75         	3.850694e-02
43.8          	3.853531e-02
43.85         	3.857312e-02
43.9          	3.861841e-02
43.95         	3.866902e-02
44            	3.872223e-02
44.05         	3.877488e-02
44.1          	3.882435e-02
44.15         	3.886840e-02
44.2          	3.890545e-02
44.25         	3.893442e-02
44.3          	3.895485e-02
44.35         	3.896691e-02
44.4          	3.897118e-02
44.45         	3.896849e-02
44.5          	3.895996e-02
44.55         	3.894688e-02
44.6          	3.893065e-02
44.65         	3.891249e-02
44.7          	3.889318e-02
44.75         	3.887349e-02
44.8          	3.885444e-02
44.85         	3.883589e-02
44.9          	3.881759e-02
44.95         	3.880091e-02
45            	3.878588e-02
45.05         	3.877271e-02
45.1          	3.876129e-02
45.15         	3.875180e-02
45.2          	3.874467e-02
45.25         	3.874017e-02
45.3          	3.873853e-02
45.35         	3.873943e-02
45.4          	3.874225e-02
45.45         	3.874670e-02
45.5          	3.875229e-02
45.55         	3.875771e-02
45.6          	3.876270e-02
45.65         	3.876707e-02
45.7          	3.876992e-02
45.75         	3.877216e-02
45.8          	3.877389e-02
45.85         	3.877559e-02
45.9          	3.877562e-02
45.95         	3.877378e-02
46            	3.876999e-02
46.05         	3.876370e-02
46.1          	3.875524e-02
46.15         	3.874354e-02
46.2          	3.872901e-02
46.25         	3.871165e-02
46.3          	3.868895e-02
46.35         	3.865744e-02
46.4          	3.861840e-02
46.45         	3.857722e-02
46.5          	3.854101e-02
46.55         	3.851702e-02
46.6          	3.850854e-02
46.65         	3.851308e-02
46.7          	3.852683e-02
46.75         	3.854575e-02
46.8          	3.856680e-02
46.85         	3.858731e-02
46.9          	3.860563e-02
46.95         	3.862082e-02
47            	3.863274e-02
47.05         	3.864248e-02
47.1          	3.865123e-02
47.15         	3.866014e-02
47.2          	3.867060e-02
47.25         	3.868419e-02
47.3          	3.870191e-02
47.35         	3.872407e-02
47.4          	3.875032e-02
47.45         	3.877994e-02
47.5          	3.881239e-02
47.55         	3.884726e-02
47.6          	3.888387e-02
47.65         	3.892142e-02
47.7          	3.895884e-02
47.75         	3.899507e-02
47.8          	3.902907e-02
47.85         	3.905990e-02
47.9          	3.908713e-02
47.95         	3.911066e-02
48            	3.913050e-02
48.05         	3.914673e-02
48.1          	3.915904e-02
48.15         	3.916678e-02
48.2          	3.916865e-02
48.25         	3.916320e-02
48.3          	3.914929e-02
48.35         	3.912595e-02
48.4          	3.909281e-02
48.45         	3.905028e-02
48.5          	3.899958e-02
48.55         	3.894254e-02
48.6          	3.888126e-02
48.65         	3.881787e-02
48.7          	3.875440e-02
48.75         	3.869239e-02
48.8          	3.863273e-02
48.85         	3.857547e-02
48.9          	3.852129e-02
48.95         	3.847031e-02
49            	3.842203e-02
49.05         	3.837586e-02
49.1          	3.833174e-02
49.15         	3.829016e-02
49.2          	3.825272e-02
49.25         	3.822059e-02
49.3          	3.819414e-02
49.35         	3.817390e-02
49.4          	3.816211e-02
49.45         	3.815776e-02
49.5          	3.815867e-02
49.55         	3.816191e-02
49.6          	3.816754e-02
49.65         	3.817442e-02
49.7          	3.818370e-02
49.75         	3.819750e-02
49.8          	3.821823e-02
49.85         	3.824699e-02
49.9          	3.828161e-02
49.95         	3.832044e-02
50            	3.836184e-02
50.05         	3.840469e-02
50.1          	3.844899e-02
50.15         	3.849495e-02
50.2          	3.854254e-02
50.25         	3.859170e-02
50.3          	3.864221e-02
50.35         	3.869344e-02
50.4          	3.874427e-02
50.45         	3.879327e-02
50.5          	3.883898e-02
50.55         	3.887983e-02
50.6          	3.891449e-02
50.65         	3.894205e-02
50.7          	3.896161e-02
50.75         	3.897253e-02
50.8          	3.897466e-02
50.85         	3.896799e-02
50.9          	3.895254e-02
50.95         	3.892872e-02
51            	3.889816e-02
51.05         	3.886310e-02
51.1          	3.882596e-02
51.15         	3.878869e-02
51.2          	3.875372e-02
51.25         	3.872308e-02
51.3          	3.869710e-02
51.35         	3.867501e-02
51.4          	3.865662e-02
51.45         	3.864114e-02
51.5          	3.862729e-02
51.55         	3.861373e-02
51.6          	3.859877e-02
51.65         	3.858276e-02
51.7          	3.856669e-02
51.75         	3.855087e-02
51.8          	3.853491e-02
51.85         	3.851909e-02
51.9          	3.850308e-02
51.95         	3.848719e-02
52            	3.847260e-02
52.05         	3.846042e-02
52.1          	3.845153e-02
52.15         	3.844665e-02
52.2          	3.844642e-02
52.25         	3.845135e-02
52.3          	3.846177e-02
52.35         	3.847875e-02
52.4          	3.850407e-02
52.45         	3.853852e-02
52.5          	3.858105e-02
52.55         	3.863011e-02
52.6          	3.868371e-02
52.65         	3.873930e-02
52.7          	3.879410e-02
52.75         	3.884572e-02
52.8          	3.889216e-02
52.85         	3.893227e-02
52.9          	3.896611e-02
52.95         	3.899462e-02
53            	3.901987e-02
53.05         	3.904397e-02
53.1          	3.906883e-02
53.15         	3.909582e-02
53.2          	3.912390e-02
53.25         	3.915062e-02
53.3          	3.917348e-02
53.35         	3.919532e-02
53.4          	3.921334e-02
53.45         	3.922564e-02
53.5          	3.923228e-02
53.55         	3.923275e-02
53.6          	3.922602e-02
53.65         	3.921167e-02
53.7          	3.918929e-02
53.75         	3.915938e-02
53.8          	3.912320e-02
53.85         	3.908224e-02
53.9          	3.903829e-02
53.95         	3.899290e-02
54            	3.894791e-02
54.05         	3.890500e-02
54.1          	3.886529e-02
54.15         	3.882969e-02
54.2          	3.879872e-02
54.25         	3.877245e-02
54.3          	3.875114e-02
54.35         	3.873482e-02
54.4          	3.872274e-02
54.45         	3.871347e-02
54.5          	3.870548e-02
54.55         	3.869806e-02
54.6          	3.869078e-02
54.65         	3.868353e-02
54.7          	3.867659e-02
54.75         	3.867070e-02
54.8          	3.866693e-02
54.85         	3.866646e-02
54.9          	3.867020e-02
54.95         	3.867882e-02
55            	3.869296e-02
55.05         	3.871287e-02
55.1          	3.873798e-02
55.15         	3.876766e-02
55.2          	3.880096e-02
55.25         	3.883684e-02
55.3          	3.887384e-02
55.35         	3.891040e-02
55.4          	3.894521e-02
55.45         	3.897725e-02
55.5          	3.900566e-02
55.55         	3.902994e-02
55.6          	3.905003e-02
55.65         	3.906628e-02
55.7          	3.907937e-02
55.75         	3.909015e-02
55.8          	3.909968e-02
55.85         	3.910884e-02
55.9          	3.911862e-02
55.95         	3.912980e-02
56            	3.914284e-02
56.05         	3.915817e-02
56.1          	3.917559e-02
56.15         	3.919424e-02
56.2          	3.921247e-02
56.25         	3.922878e-02
56.3          	3.924224e-02
56.35         	3.925197e-02
56.4          	3.925689e-02
56.45         	3.925651e-02
56.5          	3.925127e-02
56.55         	3.924121e-02
56.6          	3.922689e-02
56.65         	3.920826e-02
56.7          	3.918510e-02
56.75         	3.915814e-02
56.8          	3.912807e-02
56.85         	3.909322e-02
56.9          	3.905477e-02
56.95         	3.901417e-02
57            	3.897059e-02
57.05         	3.892533e-02
57.1          	3.887927e-02
57.15         	3.883231e-02
57.2          	3.878584e-02
57.25         	3.874111e-02
57.3          	3.869888e-02
57.35         	3.866030e-02
57.4          	3.862688e-02
57.45         	3.859917e-02
57.5          	3.857747e-02
57.55         	3.856201e-02
57.6          	3.855253e-02
57.65         	3.854915e-02
57.7          	3.855167e-02
57.75         	3.855971e-02
57.8          	3.857317e-02
57.85         	3.859136e-02
57.9          	3.861369e-02
57.95         	3.863929e-02
58            	3.866683e-02
58.05         	3.869488e-02
58.1          	3.872247e-02
58.15         	3.874902e-02
58.2          	3.877445e-02
58.25         	3.879908e-02
58.3          	3.882365e-02
58.35         	3.884900e-02
58.4          	3.887590e-02
58.45         	3.890493e-02
58.5          	3.893650e-02
58.55         	3.897101e-02
58.6          	3.900839e-02
58.65         	3.904828e-02
58.7          	3.909021e-02
58.75         	3.913386e-02
58.8          	3.917857e-02
58.85         	3.922301e-02
58.9          	3.926616e-02
58.95         	3.930660e-02
59            	3.934236e-02
59.05         	3.937176e-02
59.1          	3.939133e-02
59.15         	3.939863e-02
59.2          	3.939169e-02
59.25         	3.937009e-02
59.3          	3.933337e-02
59.35         	3.928196e-02
59.4          	3.922192e-02
59.45         	3.915912e-02
59.5          	3.909757e-02
59.55         	3.904104e-02
59.6          	3.899140e-02
59.65         	3.894938e-02
59.7          	3.891525e-02
59.75         	3.888868e-02
59.8          	3.886881e-02
59.85         	3.885422e-02
59.9          	3.884446e-02
59.95         	3.883844e-02
60            	3.883664e-02
60.05         	3.883897e-02
60.1          	3.884456e-02
60.15         	3.885222e-02
60.2          	3.886044e-02
60.25         	3.886763e-02
60.3          	3.887242e-02
60.35         	3.887371e-02
60.4          	3.887052e-02
60.45         	3.886256e-02
60.5          	3.885000e-02
60.55         	3.883311e-02
60.6          	3.881270e-02
60.65         	3.879004e-02
60.7          	3.876631e-02
60.75         	3.874241e-02
60.8          	3.871914e-02
60.85         	3.869746e-02
60.9          	3.867790e-02
60.95         	3.866088e-02
61            	3.864664e-02
61.05         	3.863527e-02
61.1          	3.862669e-02
61.15         	3.862075e-02
61.2          	3.861739e-02
61.25         	3.861671e-02
61.3          	3.861894e-02
61.35         	3.862440e-02
61.4          	3.863320e-02
61.45         	3.864519e-02
61.5          	3.865987e-02
61.55         	3.867656e-02
61.6          	3.869476e-02
61.65         	3.871411e-02
61.7          	3.873414e-02
61.75         	3.875446e-02
61.8          	3.877465e-02
61.85         	3.879401e-02
61.9          	3.881221e-02
61.95         	3.882922e-02
62            	3.884502e-02
62.05         	3.885953e-02
62.1          	3.887283e-02
62.15         	3.888502e-02
62.2          	3.889627e-02
62.25         	3.890660e-02
62.3          	3.891569e-02
62.35         	3.892279e-02
62.4          	3.892712e-02
62.45         	3.892805e-02
62.5          	3.892482e-02
62.55         	3.891750e-02
62.6          	3.890592e-02
62.65         	3.888998e-02
62.7          	3.886990e-02
62.75         	3.884502e-02
62.8          	3.881590e-02
62.85         	3.878638e-02
62.9          	3.875599e-02
62.95         	3.872588e-02
63            	3.869698e-02
63.05         	3.866989e-02
63.1          	3.864474e-02
63.15         	3.862216e-02
63.2          	3.860362e-02
63.25         	3.858817e-02
63.3          	3.857496e-02
63.35         	3.856455e-02
63.4          	3.855767e-02
63.45         	3.855615e-02
63.5          	3.856117e-02
63.55         	3.857149e-02
63.6          	3.858662e-02
63.65         	3.860737e-02
63.7          	3.863423e-02
63.75         	3.866729e-02
63.8          	3.870630e-02
63.85         	3.875039e-02
63.9          	3.879770e-02
63.95         	3.884629e-02
64            	3.889492e-02
64.05         	3.894212e-02
64.1          	3.898687e-02
64.15         	3.902844e-02
64.2          	3.906646e-02
64.25         	3.910034e-02
64.3          	3.912973e-02
64.35         	3.915394e-02
64.4          	3.917187e-02
64.45         	3.918243e-02
64.5          	3.918456e-02
64.55         	3.917745e-02
64.6          	3.916119e-02
64.65         	3.913660e-02
64.7          	3.910502e-02
64.75         	3.906764e-02
64.8          	3.902476e-02
64.85         	3.897946e-02
64.9          	3.893606e-02
64.95         	3.889662e-02
65            	3.886191e-02
65.05         	3.883304e-02
65.1          	3.880998e-02
65.15         	3.879207e-02
65.2          	3.877849e-02
65.25         	3.876808e-02
65.3          	3.876111e-02
65.35         	3.875771e-02
65.4          	3.875651e-02
65.45         	3.875667e-02
65.5          	3.875851e-02
65.55         	3.876231e-02
65.6          	3.876873e-02
65.65         	3.877793e-02
65.7          	3.878925e-02
65.75         	3.880190e-02
65.8          	3.881516e-02
65.85         	3.882852e-02
65.9          	3.884158e-02
65.95         	3.885492e-02
66            	3.886883e-02
66.05         	3.888383e-02
66.1          	3.890105e-02
66.15         	3.892145e-02
66.2          	3.894563e-02
66.25         	3.897407e-02
66.3          	3.900643e-02
66.35         	3.904246e-02
66.4          	3.908152e-02
66.45         	3.912266e-02
66.5          	3.916507e-02
66.55         	3.920799e-02
66.6          	3.925049e-02
66.65         	3.929133e-02
66.7          	3.932897e-02
66.75         	3.936254e-02
66.8          	3.939167e-02
66.85         	3.941673e-02
66.9          	3.943815e-02
66.95         	3.945670e-02
67            	3.947294e-02
67.05         	3.948727e-02
67.1          	3.949974e-02
67.15         	3.951077e-02
67.2          	3.952056e-02
67.25         	3.952839e-02
67.3          	3.953487e-02
67.35         	3.953975e-02
67.4          	3.954234e-02
67.45         	3.954261e-02
67.5          	3.953969e-02
67.55         	3.953327e-02
67.6          	3.952386e-02
67.65         	3.951237e-02
67.7          	3.949988e-02
67.75         	3.948757e-02
67.8          	3.947654e-02
67.85         	3.946791e-02
67.9          	3.946270e-02
67.95         	3.946161e-02
68            	3.946499e-02
68.05         	3.947268e-02
68.1          	3.948373e-02
68.15         	3.949746e-02
68.2          	3.951337e-02
68.25         	3.953098e-02
68.3          	3.954958e-02
68.35         	3.956877e-02
68.4          	3.958832e-02
68.45         	3.960798e-02
68.5          	3.962763e-02
68.55         	3.964605e-02
68.6          	3.966202e-02
68.65         	3.967475e-02
68.7          	3.968398e-02
68.75         	3.969000e-02
68.8          	3.969329e-02
68.85         	3.969472e-02
68.9          	3.969545e-02
68.95         	3.969684e-02
69            	3.970017e-02
69.05         	3.970667e-02
69.1          	3.971749e-02
69.15         	3.973346e-02
69.2          	3.975495e-02
69.25         	3.978178e-02
69.3          	3.981314e-02
69.35         	3.984810e-02
69.4          	3.988579e-02
69.45         	3.992544e-02
69.5          	3.996608e-02
69.55         	4.000653e-02
69.6          	4.004654e-02
69.65         	4.008632e-02
69.7          	4.012590e-02
69.75         	4.016512e-02
69.8          	4.020290e-02
69.85         	4.023741e-02
69.9          	4.026662e-02
69.95         	4.028875e-02
70            	4.030242e-02
70.05         	4.030691e-02
70.1          	4.030254e-02
70.15         	4.029064e-02
70.2          	4.027331e-02
70.25         	4.025353e-02
70.3          	4.023432e-02
70.35         	4.021771e-02
70.4          	4.020582e-02
70.45         	4.019942e-02
70.5          	4.019781e-02
70.55         	4.020014e-02
70.6          	4.020668e-02
70.65         	4.021798e-02
70.7          	4.023199e-02
70.75         	4.024647e-02
70.8          	4.026030e-02
70.85         	4.027394e-02
70.9          	4.028625e-02
70.95         	4.029692e-02
71            	4.030680e-02
71.05         	4.031704e-02
71.1          	4.032875e-02
71.15         	4.034266e-02
71.2          	4.035867e-02
71.25         	4.037615e-02
71.3          	4.039441e-02
71.35         	4.041242e-02
71.4          	4.042877e-02
71.45         	4.044105e-02
71.5          	4.044635e-02
71.55         	4.044204e-02
71.6          	4.042694e-02
71.65         	4.040146e-02
71.7          	4.036730e-02
71.75         	4.032716e-02
71.8          	4.028428e-02
71.85         	4.024120e-02
71.9          	4.019955e-02
71.95         	4.016037e-02
72            	4.012415e-02
72.05         	4.009081e-02
72.1          	4.005992e-02
72.15         	4.003095e-02
72.2          	4.000301e-02
72.25         	3.997485e-02
72.3          	3.994459e-02
72.35         	3.990975e-02
72.4          	3.986761e-02
72.45         	3.981603e-02
72.5          	3.975403e-02
72.55         	3.968158e-02
72.6          	3.959955e-02
72.65         	3.951000e-02
72.7          	3.941438e-02
72.75         	3.931444e-02
72.8          	3.921280e-02
72.85         	3.911236e-02
72.9          	3.901788e-02
72.95         	3.893482e-02
73            	3.886755e-02
73.05         	3.881956e-02
73.1          	3.879182e-02
73.15         	3.878153e-02
73.2          	3.878417e-02
73.25         	3.879658e-02
73.3          	3.881582e-02
73.35         	3.884018e-02
73.4          	3.886825e-02
73.45         	3.889906e-02
73.5          	3.893133e-02
73.55         	3.896492e-02
73.6          	3.900035e-02
73.65         	3.903812e-02
73.7          	3.907880e-02
73.75         	3.912242e-02
73.8          	3.916893e-02
73.85         	3.921738e-02
73.9          	3.926515e-02
73.95         	3.930852e-02
74            	3.934593e-02
74.05         	3.937927e-02
74.1          	3.940956e-02
74.15         	3.943632e-02
74.2          	3.946096e-02
74.25         	3.948491e-02
74.3          	3.950807e-02
74.35         	3.953079e-02
74.4          	3.955244e-02
74.45         	3.957189e-02
74.5          	3.958925e-02
74.55         	3.960594e-02
74.6          	3.962185e-02
74.65         	3.963751e-02
74.7          	3.965411e-02
74.75         	3.967130e-02
74.8          	3.968825e-02
74.85         	3.970427e-02
74.9          	3.971867e-02
74.95         	3.973095e-02
75            	3.974062e-02
75.05         	3.974717e-02
75.1          	3.975031e-02
75.15         	3.975019e-02
75.2          	3.974717e-02
75.25         	3.974106e-02
75.3          	3.973137e-02
75.35         	3.971777e-02
75.4          	3.970015e-02
75.45         	3.968002e-02
75.5          	3.965906e-02
75.55         	3.963810e-02
75.6          	3.961684e-02
75.65         	3.959484e-02
75.7          	3.957255e-02
75.75         	3.955004e-02
75.8          	3.952664e-02
75.85         	3.950258e-02
75.9          	3.947736e-02
75.95         	3.944893e-02
76            	3.941552e-02
76.05         	3.937738e-02
76.1          	3.934108e-02
76.15         	3.932113e-02
76.2          	3.932681e-02
76.25         	3.935141e-02
76.3          	3.938654e-02
76.35         	3.942653e-02
76.4          	3.946750e-02
76.45         	3.950622e-02
76.5          	3.953923e-02
76.55         	3.956500e-02
76.6          	3.958270e-02
76.65         	3.959196e-02
76.7          	3.959343e-02
76.75         	3.958847e-02
76.8          	3.957849e-02
76.85         	3.956490e-02
76.9          	3.954906e-02
76.95         	3.953206e-02
77            	3.951466e-02
77.05         	3.949710e-02
77.1          	3.947911e-02
77.15         	3.946065e-02
77.2          	3.944195e-02
77.25         	3.942330e-02
77.3          	3.940507e-02
77.35         	3.938749e-02
77.4          	3.937093e-02
77.45         	3.935529e-02
77.5          	3.934056e-02
77.55         	3.932717e-02
77.6          	3.931571e-02
77.65         	3.930641e-02
77.7          	3.929862e-02
77.75         	3.929053e-02
77.8          	3.927917e-02
77.85         	3.926198e-02
77.9          	3.923784e-02
77.95         	3.920855e-02
78            	3.917983e-02
78.05         	3.915783e-02
78.1          	3.914602e-02
78.15         	3.914449e-02
78.2          	3.915133e-02
78.25         	3.916463e-02
78.3          	3.918354e-02
78.35         	3.920730e-02
78.4          	3.923515e-02
78.45         	3.926591e-02
78.5          	3.929727e-02
78.55         	3.932593e-02
78.6          	3.934842e-02
78.65         	3.936189e-02
78.7          	3.936531e-02
78.75         	3.935902e-02
78.8          	3.934448e-02
78.85         	3.932336e-02
78.9          	3.929743e-02
78.95         	3.926848e-02
79            	3.923803e-02
79.05         	3.920730e-02
79.1          	3.917716e-02
79.15         	3.914815e-02
79.2          	3.912069e-02
79.25         	3.909506e-02
79.3          	3.907122e-02
79.35         	3.904981e-02
79.4          	3.903261e-02
79.45         	3.902203e-02
79.5          	3.901934e-02
79.55         	3.902418e-02
79.6          	3.903573e-02
79.65         	3.905259e-02
79.7          	3.907332e-02
79.75         	3.909762e-02
79.8          	3.912601e-02
79.85         	3.915930e-02
79.9          	3.919819e-02
79.95         	3.924251e-02
80            	3.929012e-02
80.05         	3.933829e-02
80.1          	3.938257e-02
80.15         	3.942042e-02
80.2          	3.945127e-02
80.25         	3.947534e-02
80.3          	3.949373e-02
80.35         	3.950982e-02
80.4          	3.952560e-02
80.45         	3.953959e-02
80.5          	3.955210e-02
80.55         	3.956494e-02
80.6          	3.957795e-02
80.65         	3.959060e-02
80.7          	3.960306e-02
80.75         	3.961540e-02
80.8          	3.962742e-02
80.85         	3.963856e-02
80.9          	3.964774e-02
80.95         	3.965357e-02
81            	3.965484e-02
81.05         	3.965113e-02
81.1          	3.964209e-02
81.15         	3.962760e-02
81.2          	3.960802e-02
81.25         	3.958443e-02
81.3          	3.955792e-02
81.35         	3.952914e-02
81.4          	3.949861e-02
81.45         	3.946677e-02
81.5          	3.943447e-02
81.55         	3.940261e-02
81.6          	3.937180e-02
81.65         	3.934243e-02
81.7          	3.931486e-02
81.75         	3.928945e-02
81.8          	3.926639e-02
81.85         	3.924627e-02
81.9          	3.922993e-02
81.95         	3.921858e-02
82            	3.921348e-02
82.05         	3.921517e-02
82.1          	3.922425e-02
82.15         	3.924065e-02
82.2          	3.926377e-02
82.25         	3.929220e-02
82.3          	3.932512e-02
82.35         	3.936243e-02
82.4          	3.940315e-02
82.45         	3.944688e-02
82.5          	3.949295e-02
82.55         	3.954044e-02
82.6          	3.958867e-02
82.65         	3.963687e-02
82.7          	3.968375e-02
82.75         	3.972774e-02
82.8          	3.976734e-02
82.85         	3.980144e-02
82.9          	3.982944e-02
82.95         	3.985179e-02
83            	3.987044e-02
83.05         	3.988783e-02
83.1          	3.990556e-02
83.15         	3.992415e-02
83.2          	3.994361e-02
83.25         	3.996367e-02
83.3          	3.998387e-02
83.35         	4.000350e-02
83.4          	4.002170e-02
83.45         	4.003729e-02
83.5          	4.004893e-02
83.55         	4.005545e-02
83.6          	4.005616e-02
83.65         	4.005080e-02
83.7          	4.003941e-02
83.75         	4.002248e-02
83.8          	4.000071e-02
83.85         	3.997491e-02
83.9          	3.994590e-02
83.95         	3.991466e-02
84            	3.988188e-02
84.05         	3.984823e-02
84.1          	3.981432e-02
84.15         	3.978020e-02
84.2          	3.974567e-02
84.25         	3.971106e-02
84.3          	3.967562e-02
84.35         	3.963822e-02
84.4          	3.959949e-02
84.45         	3.955908e-02
84.5          	3.951583e-02
84.55         	3.946954e-02
84.6          	3.942014e-02
84.65         	3.936729e-02
84.7          	3.931147e-02
84.75         	3.925371e-02
84.8          	3.919561e-02
84.85         	3.913873e-02
84.9          	3.908459e-02
84.95         	3.903414e-02
85            	3.898833e-02
85.05         	3.894775e-02
85.1          	3.891269e-02
85.15         	3.888377e-02
85.2          	3.886145e-02
85.25         	3.884557e-02
85.3          	3.883560e-02
85.35         	3.883167e-02
85.4          	3.883427e-02
85.45         	3.884334e-02
85.5          	3.885786e-02
85.55         	3.887634e-02
85.6          	3.889702e-02
85.65         	3.891848e-02
85.7          	3.893950e-02
85.75         	3.895900e-02
85.8          	3.897630e-02
85.85         	3.899090e-02
85.9          	3.900265e-02
85.95         	3.901208e-02
86            	3.902009e-02
86.05         	3.902772e-02
86.1          	3.903623e-02
86.15         	3.904704e-02
86.2          	3.906125e-02
86.25         	3.907933e-02
86.3          	3.910108e-02
86.35         	3.912598e-02
86.4          	3.915328e-02
86.45         	3.918220e-02
86.5          	3.921188e-02
86.55         	3.924145e-02
86.6          	3.927009e-02
86.65         	3.929709e-02
86.7          	3.932179e-02
86.75         	3.934349e-02
86.8          	3.936112e-02
86.85         	3.937285e-02
86.9          	3.937635e-02
86.95         	3.937007e-02
87            	3.935384e-02
87.05         	3.932869e-02
87.1          	3.929695e-02
87.15         	3.926166e-02
87.2          	3.922606e-02
87.25         	3.919253e-02
87.3          	3.916188e-02
87.35         	3.913407e-02
87.4          	3.910887e-02
87.45         	3.908606e-02
87.5          	3.906564e-02
87.55         	3.904785e-02
87.6          	3.903280e-02
87.65         	3.902037e-02
87.7          	3.901048e-02
87.75         	3.900272e-02
87.8          	3.899680e-02
87.85         	3.899287e-02
87.9          	3.899143e-02
87.95         	3.899229e-02
88            	3.899525e-02
88.05         	3.900046e-02
88.1          	3.900771e-02
88.15         	3.901689e-02
88.2          	3.902862e-02
88.25         	3.904330e-02
88.3          	3.906204e-02
88.35         	3.908577e-02
88.4          	3.911395e-02
88.45         	3.914491e-02
88.5          	3.917651e-02
88.55         	3.920763e-02
88.6          	3.923743e-02
88.65         	3.926493e-02
88.7          	3.928913e-02
88.75         	3.930910e-02
88.8          	3.932442e-02
88.85         	3.933516e-02
88.9          	3.934160e-02
88.95         	3.934441e-02
89            	3.934462e-02
89.05         	3.934368e-02
89.1          	3.934330e-02
89.15         	3.934495e-02
89.2          	3.934986e-02
89.25         	3.935903e-02
89.3          	3.937288e-02
89.35         	3.939108e-02
89.4          	3.941264e-02
89.45         	3.943616e-02
89.5          	3.946039e-02
89.55         	3.948445e-02
89.6          	3.950743e-02
89.65         	3.952799e-02
89.7          	3.954451e-02
89.75         	3.955551e-02
89.8          	3.955947e-02
89.85         	3.955512e-02
89.9          	3.954243e-02
89.95         	3.952233e-02
90            	3.949629e-02
