# Region      : all 
# Cells       : 16000
# Volume      : 2.000000e-03
# Time        	volAverage(alpha.air)
0             	0.000000e+00
0.05          	6.604885e-04
0.1           	1.160489e-03
0.15          	1.660530e-03
0.2           	2.160530e-03
0.25          	2.660532e-03
0.3           	3.178237e-03
0.35          	3.678237e-03
0.4           	4.178237e-03
0.45          	4.678237e-03
0.5           	5.178237e-03
0.55          	5.678237e-03
0.6           	6.178238e-03
0.65          	6.678238e-03
0.7           	7.178238e-03
0.75          	7.678248e-03
0.8           	8.178251e-03
0.85          	8.678261e-03
0.9           	9.178262e-03
0.95          	9.678262e-03
1             	1.017826e-02
1.05          	1.067826e-02
1.1           	1.117826e-02
1.15          	1.167826e-02
1.2           	1.217826e-02
1.25          	1.267826e-02
1.3           	1.317826e-02
1.35          	1.367826e-02
1.4           	1.417826e-02
1.45          	1.467826e-02
1.5           	1.517827e-02
1.55          	1.567829e-02
1.6           	1.617829e-02
1.65          	1.667829e-02
1.7           	1.717829e-02
1.75          	1.767829e-02
1.8           	1.817833e-02
1.85          	1.867833e-02
1.9           	1.917833e-02
1.95          	1.967833e-02
2             	2.017833e-02
2.05          	2.067833e-02
2.1           	2.117833e-02
2.15          	2.167833e-02
2.2           	2.217833e-02
2.25          	2.267833e-02
2.3           	2.317833e-02
2.35          	2.367833e-02
2.4           	2.417833e-02
2.45          	2.467836e-02
2.5           	2.517841e-02
2.55          	2.567841e-02
2.6           	2.617841e-02
2.65          	2.667841e-02
2.7           	2.717841e-02
2.75          	2.767841e-02
2.8           	2.817841e-02
2.85          	2.867841e-02
2.9           	2.917841e-02
2.95          	2.967841e-02
3             	3.017842e-02
3.05          	3.067842e-02
3.1           	3.118023e-02
3.15          	3.168023e-02
3.2           	3.218024e-02
3.25          	3.268024e-02
3.3           	3.318024e-02
3.35          	3.368025e-02
3.4           	3.418025e-02
3.45          	3.468028e-02
3.5           	3.518028e-02
3.55          	3.568029e-02
3.6           	3.618132e-02
3.65          	3.668132e-02
3.7           	3.718132e-02
3.75          	3.768126e-02
3.8           	3.818072e-02
3.85          	3.867819e-02
3.9           	3.917066e-02
3.95          	3.965373e-02
4             	4.012189e-02
4.05          	4.056900e-02
4.1           	4.098931e-02
4.15          	4.137805e-02
4.2           	4.173033e-02
4.25          	4.204283e-02
4.3           	4.232081e-02
4.35          	4.254611e-02
4.4           	4.272473e-02
4.45          	4.285482e-02
4.5           	4.293628e-02
4.55          	4.297204e-02
4.6           	4.297009e-02
4.65          	4.294341e-02
4.7           	4.290832e-02
4.75          	4.287736e-02
4.8           	4.285457e-02
4.85          	4.283600e-02
4.9           	4.281568e-02
4.95          	4.278965e-02
5             	4.275688e-02
5.05          	4.272309e-02
5.1           	4.268814e-02
5.15          	4.265851e-02
5.2           	4.263269e-02
5.25          	4.260567e-02
5.3           	4.257357e-02
5.35          	4.253442e-02
5.4           	4.248445e-02
5.45          	4.242460e-02
5.5           	4.235775e-02
5.55          	4.229078e-02
5.6           	4.223178e-02
5.65          	4.218439e-02
5.7           	4.214956e-02
5.75          	4.212707e-02
5.8           	4.211748e-02
5.85          	4.212038e-02
5.9           	4.213386e-02
5.95          	4.215433e-02
6             	4.217704e-02
6.05          	4.219896e-02
6.1           	4.221905e-02
6.15          	4.223699e-02
6.2           	4.225207e-02
6.25          	4.226337e-02
6.3           	4.227034e-02
6.35          	4.227282e-02
6.4           	4.227097e-02
6.45          	4.226504e-02
6.5           	4.225555e-02
6.55          	4.224293e-02
6.6           	4.222810e-02
6.65          	4.221223e-02
6.7           	4.219603e-02
6.75          	4.218049e-02
6.8           	4.216643e-02
6.85          	4.215528e-02
6.9           	4.214600e-02
6.95          	4.214088e-02
7             	4.214079e-02
7.05          	4.214484e-02
7.1           	4.215384e-02
7.15          	4.216872e-02
7.2           	4.218878e-02
7.25          	4.221321e-02
7.3           	4.224126e-02
7.35          	4.227620e-02
7.4           	4.231095e-02
7.45          	4.234913e-02
7.5           	4.239029e-02
7.55          	4.243362e-02
7.6           	4.247895e-02
7.65          	4.252666e-02
7.7           	4.257670e-02
7.75          	4.262826e-02
7.8           	4.268078e-02
7.85          	4.273354e-02
7.9           	4.278560e-02
7.95          	4.283572e-02
8             	4.288239e-02
8.05          	4.292386e-02
8.1           	4.295859e-02
8.15          	4.298505e-02
8.2           	4.300404e-02
8.25          	4.301549e-02
8.3           	4.301935e-02
8.35          	4.301603e-02
8.4           	4.300845e-02
8.45          	4.300187e-02
8.5           	4.299890e-02
8.55          	4.299858e-02
8.6           	4.300103e-02
8.65          	4.300470e-02
8.7           	4.300655e-02
8.75          	4.300300e-02
8.8           	4.299093e-02
8.85          	4.296764e-02
8.9           	4.292855e-02
8.95          	4.287251e-02
9             	4.279730e-02
9.05          	4.270370e-02
9.1           	4.259542e-02
9.15          	4.247756e-02
9.2           	4.235437e-02
9.25          	4.222875e-02
9.3           	4.210469e-02
9.35          	4.199502e-02
9.4           	4.190547e-02
9.45          	4.183706e-02
9.5           	4.179043e-02
9.55          	4.176698e-02
9.6           	4.176040e-02
9.65          	4.176386e-02
9.7           	4.177280e-02
9.75          	4.178682e-02
9.8           	4.180464e-02
9.85          	4.182456e-02
9.9           	4.184649e-02
9.95          	4.186879e-02
10            	4.189035e-02
10.05         	4.191264e-02
10.1          	4.193365e-02
10.15         	4.195484e-02
10.2          	4.197603e-02
10.25         	4.200429e-02
10.3          	4.202516e-02
10.35         	4.204600e-02
10.4          	4.206684e-02
10.45         	4.208767e-02
10.5          	4.210913e-02
10.55         	4.213211e-02
10.6          	4.215669e-02
10.65         	4.218385e-02
10.7          	4.221183e-02
10.75         	4.224060e-02
10.8          	4.226792e-02
10.85         	4.229302e-02
10.9          	4.231663e-02
10.95         	4.233871e-02
11            	4.235875e-02
11.05         	4.237557e-02
11.1          	4.238942e-02
11.15         	4.240042e-02
11.2          	4.240884e-02
11.25         	4.241497e-02
11.3          	4.244597e-02
11.35         	4.244890e-02
11.4          	4.245029e-02
11.45         	4.245012e-02
11.5          	4.244873e-02
11.55         	4.244640e-02
11.6          	4.244336e-02
11.65         	4.244002e-02
11.7          	4.243674e-02
11.75         	4.243392e-02
11.8          	4.243182e-02
11.85         	4.243065e-02
11.9          	4.243064e-02
11.95         	4.243198e-02
12            	4.243478e-02
12.05         	4.243911e-02
12.1          	4.244504e-02
12.15         	4.245252e-02
12.2          	4.246159e-02
12.25         	4.247255e-02
12.3          	4.248569e-02
12.35         	4.250096e-02
12.4          	4.251845e-02
12.45         	4.253806e-02
12.5          	4.255993e-02
12.55         	4.258389e-02
12.6          	4.260948e-02
12.65         	4.263612e-02
12.7          	4.266365e-02
12.75         	4.269195e-02
12.8          	4.272050e-02
12.85         	4.274852e-02
12.9          	4.277590e-02
12.95         	4.280232e-02
13            	4.282698e-02
13.05         	4.284931e-02
13.1          	4.286971e-02
13.15         	4.288827e-02
13.2          	4.290492e-02
13.25         	4.291916e-02
13.3          	4.293058e-02
13.35         	4.293869e-02
13.4          	4.294302e-02
13.45         	4.294333e-02
13.5          	4.293946e-02
13.55         	4.293129e-02
13.6          	4.291884e-02
13.65         	4.290240e-02
13.7          	4.288216e-02
13.75         	4.285865e-02
13.8          	4.283250e-02
13.85         	4.280466e-02
13.9          	4.277611e-02
13.95         	4.274801e-02
14            	4.272130e-02
14.05         	4.269673e-02
14.1          	4.267496e-02
14.15         	4.265611e-02
14.2          	4.264004e-02
14.25         	4.262629e-02
14.3          	4.261442e-02
14.35         	4.260390e-02
14.4          	4.259546e-02
14.45         	4.258600e-02
14.5          	4.257653e-02
14.55         	4.256696e-02
14.6          	4.255707e-02
14.65         	4.254664e-02
14.7          	4.253553e-02
14.75         	4.252370e-02
14.8          	4.251131e-02
14.85         	4.249875e-02
14.9          	4.248669e-02
14.95         	4.247603e-02
15            	4.246756e-02
15.05         	4.246479e-02
15.1          	4.246234e-02
15.15         	4.246292e-02
15.2          	4.246575e-02
15.25         	4.246970e-02
15.3          	4.247237e-02
15.35         	4.247208e-02
15.4          	4.246729e-02
15.45         	4.246034e-02
15.5          	4.244548e-02
15.55         	4.242691e-02
15.6          	4.240608e-02
15.65         	4.238460e-02
15.7          	4.236518e-02
15.75         	4.234684e-02
15.8          	4.233120e-02
15.85         	4.231817e-02
15.9          	4.230774e-02
15.95         	4.229956e-02
16            	4.229374e-02
16.05         	4.229017e-02
16.1          	4.228846e-02
16.15         	4.228808e-02
16.2          	4.228817e-02
16.25         	4.228792e-02
16.3          	4.228658e-02
16.35         	4.228390e-02
16.4          	4.227894e-02
16.45         	4.227249e-02
16.5          	4.226511e-02
16.55         	4.225780e-02
16.6          	4.225160e-02
16.65         	4.224729e-02
16.7          	4.224599e-02
16.75         	4.224783e-02
16.8          	4.225218e-02
16.85         	4.225960e-02
16.9          	4.226995e-02
16.95         	4.228235e-02
17            	4.229610e-02
17.05         	4.231063e-02
17.1          	4.232562e-02
17.15         	4.234084e-02
17.2          	4.235538e-02
17.25         	4.236924e-02
17.3          	4.238212e-02
17.35         	4.239369e-02
17.4          	4.240361e-02
17.45         	4.241164e-02
17.5          	4.241751e-02
17.55         	4.242105e-02
17.6          	4.242556e-02
17.65         	4.242391e-02
17.7          	4.241947e-02
17.75         	4.241758e-02
17.8          	4.240691e-02
17.85         	4.239267e-02
17.9          	4.237438e-02
17.95         	4.235147e-02
18            	4.232331e-02
18.05         	4.229422e-02
18.1          	4.225354e-02
18.15         	4.220593e-02
18.2          	4.215214e-02
18.25         	4.209425e-02
18.3          	4.203496e-02
18.35         	4.197739e-02
18.4          	4.192415e-02
18.45         	4.187695e-02
18.5          	4.183771e-02
18.55         	4.180864e-02
18.6          	4.179019e-02
18.65         	4.178201e-02
18.7          	4.178321e-02
18.75         	4.179281e-02
18.8          	4.180967e-02
18.85         	4.183214e-02
18.9          	4.185846e-02
18.95         	4.188750e-02
19            	4.191845e-02
19.05         	4.195062e-02
19.1          	4.198349e-02
19.15         	4.201665e-02
19.2          	4.204958e-02
19.25         	4.208189e-02
19.3          	4.211293e-02
19.35         	4.214241e-02
19.4          	4.217022e-02
19.45         	4.219610e-02
19.5          	4.221977e-02
19.55         	4.224089e-02
19.6          	4.225913e-02
19.65         	4.227443e-02
19.7          	4.228665e-02
19.75         	4.231804e-02
19.8          	4.232390e-02
19.85         	4.232666e-02
19.9          	4.232650e-02
19.95         	4.232347e-02
20            	4.231740e-02
20.05         	4.230877e-02
20.1          	4.230052e-02
20.15         	4.228758e-02
20.2          	4.227359e-02
20.25         	4.225985e-02
20.3          	4.224625e-02
20.35         	4.223367e-02
20.4          	4.222777e-02
20.45         	4.221514e-02
20.5          	4.220506e-02
20.55         	4.219341e-02
20.6          	4.217939e-02
20.65         	4.216388e-02
20.7          	4.215245e-02
20.75         	4.213687e-02
20.8          	4.212118e-02
20.85         	4.210484e-02
20.9          	4.208575e-02
20.95         	4.206398e-02
21            	4.204038e-02
21.05         	4.201568e-02
21.1          	4.198873e-02
21.15         	4.195923e-02
21.2          	4.192763e-02
21.25         	4.189488e-02
21.3          	4.186223e-02
21.35         	4.183062e-02
21.4          	4.179956e-02
21.45         	4.177015e-02
21.5          	4.174279e-02
21.55         	4.171787e-02
21.6          	4.169617e-02
21.65         	4.167843e-02
21.7          	4.166536e-02
21.75         	4.165770e-02
21.8          	4.165603e-02
21.85         	4.166099e-02
21.9          	4.170944e-02
21.95         	4.172875e-02
22            	4.175520e-02
22.05         	4.178842e-02
22.1          	4.182761e-02
22.15         	4.187165e-02
22.2          	4.191922e-02
22.25         	4.197161e-02
22.3          	4.202141e-02
22.35         	4.207002e-02
22.4          	4.211628e-02
22.45         	4.215906e-02
22.5          	4.219814e-02
22.55         	4.223371e-02
22.6          	4.226625e-02
22.65         	4.229656e-02
22.7          	4.232564e-02
22.75         	4.235449e-02
22.8          	4.238380e-02
22.85         	4.241389e-02
22.9          	4.244457e-02
22.95         	4.247528e-02
23            	4.250516e-02
23.05         	4.253325e-02
23.1          	4.255852e-02
23.15         	4.257998e-02
23.2          	4.259688e-02
23.25         	4.260867e-02
23.3          	4.261522e-02
23.35         	4.261674e-02
23.4          	4.261374e-02
23.45         	4.260710e-02
23.5          	4.259769e-02
23.55         	4.258640e-02
23.6          	4.257415e-02
23.65         	4.256772e-02
23.7          	4.255599e-02
23.75         	4.254648e-02
23.8          	4.254059e-02
23.85         	4.254029e-02
23.9          	4.254511e-02
23.95         	4.255645e-02
24            	4.257429e-02
24.05         	4.259823e-02
24.1          	4.262753e-02
24.15         	4.266108e-02
24.2          	4.269751e-02
24.25         	4.273566e-02
24.3          	4.277453e-02
24.35         	4.281485e-02
24.4          	4.285221e-02
24.45         	4.288740e-02
24.5          	4.291957e-02
24.55         	4.294795e-02
24.6          	4.297165e-02
24.65         	4.298942e-02
24.7          	4.299994e-02
24.75         	4.300242e-02
24.8          	4.299570e-02
24.85         	4.297983e-02
24.9          	4.295527e-02
24.95         	4.292303e-02
25            	4.288446e-02
25.05         	4.284117e-02
25.1          	4.279505e-02
25.15         	4.274783e-02
25.2          	4.270160e-02
25.25         	4.265828e-02
25.3          	4.261931e-02
25.35         	4.258531e-02
25.4          	4.255600e-02
25.45         	4.253101e-02
25.5          	4.251217e-02
25.55         	4.249549e-02
25.6          	4.248262e-02
25.65         	4.247295e-02
25.7          	4.246611e-02
25.75         	4.246177e-02
25.8          	4.245947e-02
25.85         	4.245889e-02
25.9          	4.246934e-02
25.95         	4.247278e-02
26            	4.247865e-02
26.05         	4.248692e-02
26.1          	4.249887e-02
26.15         	4.251077e-02
26.2          	4.252374e-02
26.25         	4.253750e-02
26.3          	4.255161e-02
26.35         	4.256567e-02
26.4          	4.257972e-02
26.45         	4.259403e-02
26.5          	4.260861e-02
26.55         	4.262384e-02
26.6          	4.263996e-02
26.65         	4.265780e-02
26.7          	4.267729e-02
26.75         	4.269752e-02
26.8          	4.271607e-02
26.85         	4.273136e-02
26.9          	4.274302e-02
26.95         	4.274987e-02
27            	4.275063e-02
27.05         	4.274486e-02
27.1          	4.273244e-02
27.15         	4.271518e-02
27.2          	4.269575e-02
27.25         	4.267756e-02
27.3          	4.266378e-02
27.35         	4.265708e-02
27.4          	4.265686e-02
27.45         	4.266162e-02
27.5          	4.266970e-02
27.55         	4.267966e-02
27.6          	4.269070e-02
27.65         	4.270240e-02
27.7          	4.271435e-02
27.75         	4.272662e-02
27.8          	4.274053e-02
27.85         	4.275418e-02
27.9          	4.276839e-02
27.95         	4.278273e-02
28            	4.279604e-02
28.05         	4.280628e-02
28.1          	4.281037e-02
28.15         	4.280596e-02
28.2          	4.278800e-02
28.25         	4.275702e-02
28.3          	4.271497e-02
28.35         	4.266524e-02
28.4          	4.261277e-02
28.45         	4.256060e-02
28.5          	4.251179e-02
28.55         	4.246657e-02
28.6          	4.242376e-02
28.65         	4.238901e-02
28.7          	4.234750e-02
28.75         	4.230586e-02
28.8          	4.226445e-02
28.85         	4.222439e-02
28.9          	4.218756e-02
28.95         	4.215623e-02
29            	4.213327e-02
29.05         	4.212111e-02
29.1          	4.212053e-02
29.15         	4.213053e-02
29.2          	4.214906e-02
29.25         	4.217379e-02
29.3          	4.220627e-02
29.35         	4.223797e-02
29.4          	4.227109e-02
29.45         	4.230456e-02
29.5          	4.233762e-02
29.55         	4.237001e-02
29.6          	4.240184e-02
29.65         	4.243351e-02
29.7          	4.246555e-02
29.75         	4.249843e-02
29.8          	4.253249e-02
29.85         	4.256798e-02
29.9          	4.260512e-02
29.95         	4.264400e-02
30            	4.268458e-02
30.05         	4.272655e-02
30.1          	4.278350e-02
30.15         	4.282584e-02
30.2          	4.286592e-02
30.25         	4.290057e-02
30.3          	4.292628e-02
30.35         	4.294037e-02
30.4          	4.294165e-02
30.45         	4.293045e-02
30.5          	4.290810e-02
30.55         	4.287656e-02
30.6          	4.283788e-02
30.65         	4.279366e-02
30.7          	4.274548e-02
30.75         	4.269455e-02
30.8          	4.264172e-02
30.85         	4.258759e-02
30.9          	4.253287e-02
30.95         	4.247828e-02
31            	4.242428e-02
31.05         	4.237121e-02
31.1          	4.231951e-02
31.15         	4.227113e-02
31.2          	4.222329e-02
31.25         	4.217867e-02
31.3          	4.213851e-02
31.35         	4.210405e-02
31.4          	4.207610e-02
31.45         	4.205466e-02
31.5          	4.203882e-02
31.55         	4.202700e-02
31.6          	4.201842e-02
31.65         	4.201252e-02
31.7          	4.200911e-02
31.75         	4.200846e-02
31.8          	4.201124e-02
31.85         	4.201869e-02
31.9          	4.203321e-02
31.95         	4.205576e-02
32            	4.208611e-02
32.05         	4.212341e-02
32.1          	4.216636e-02
32.15         	4.221333e-02
32.2          	4.226166e-02
32.25         	4.230956e-02
32.3          	4.235655e-02
32.35         	4.240189e-02
32.4          	4.244501e-02
32.45         	4.248551e-02
32.5          	4.252282e-02
32.55         	4.255657e-02
32.6          	4.258696e-02
32.65         	4.261457e-02
32.7          	4.264090e-02
32.75         	4.266456e-02
32.8          	4.268665e-02
32.85         	4.270765e-02
32.9          	4.272798e-02
32.95         	4.274766e-02
33            	4.276648e-02
33.05         	4.278442e-02
33.1          	4.280135e-02
33.15         	4.281693e-02
33.2          	4.283058e-02
33.25         	4.284152e-02
33.3          	4.284899e-02
33.35         	4.285253e-02
33.4          	4.285214e-02
33.45         	4.284821e-02
33.5          	4.284120e-02
33.55         	4.283193e-02
33.6          	4.282110e-02
33.65         	4.280990e-02
33.7          	4.279943e-02
33.75         	4.279043e-02
33.8          	4.278315e-02
33.85         	4.277852e-02
33.9          	4.277904e-02
33.95         	4.277981e-02
34            	4.278030e-02
34.05         	4.277926e-02
34.1          	4.277788e-02
34.15         	4.277507e-02
34.2          	4.277022e-02
34.25         	4.275674e-02
34.3          	4.273750e-02
34.35         	4.271295e-02
34.4          	4.268560e-02
34.45         	4.265767e-02
34.5          	4.263078e-02
34.55         	4.260538e-02
34.6          	4.258078e-02
34.65         	4.255591e-02
34.7          	4.252881e-02
34.75         	4.249966e-02
34.8          	4.247115e-02
34.85         	4.244607e-02
34.9          	4.242865e-02
34.95         	4.242068e-02
35            	4.242083e-02
35.05         	4.242716e-02
35.1          	4.243750e-02
35.15         	4.245002e-02
35.2          	4.246281e-02
35.25         	4.247436e-02
35.3          	4.248381e-02
35.35         	4.249087e-02
35.4          	4.249570e-02
35.45         	4.249873e-02
35.5          	4.250046e-02
35.55         	4.250115e-02
35.6          	4.250099e-02
35.65         	4.250068e-02
35.7          	4.250038e-02
35.75         	4.250086e-02
35.8          	4.250287e-02
35.85         	4.250683e-02
35.9          	4.251265e-02
35.95         	4.251987e-02
36            	4.252750e-02
36.05         	4.254110e-02
36.1          	4.254875e-02
36.15         	4.255766e-02
36.2          	4.256938e-02
36.25         	4.258403e-02
36.3          	4.260032e-02
36.35         	4.261528e-02
36.4          	4.263274e-02
36.45         	4.265399e-02
36.5          	4.267716e-02
36.55         	4.270135e-02
36.6          	4.272603e-02
36.65         	4.274954e-02
36.7          	4.276970e-02
36.75         	4.278730e-02
36.8          	4.280199e-02
36.85         	4.281317e-02
36.9          	4.282003e-02
36.95         	4.282309e-02
37            	4.282204e-02
37.05         	4.281546e-02
37.1          	4.280107e-02
37.15         	4.277667e-02
37.2          	4.273958e-02
37.25         	4.268956e-02
37.3          	4.262992e-02
37.35         	4.256848e-02
37.4          	4.251673e-02
37.45         	4.248386e-02
37.5          	4.247141e-02
37.55         	4.247579e-02
37.6          	4.249191e-02
37.65         	4.251549e-02
37.7          	4.254366e-02
37.75         	4.257392e-02
37.8          	4.260458e-02
37.85         	4.263406e-02
37.9          	4.266076e-02
37.95         	4.268326e-02
38            	4.270066e-02
38.05         	4.271274e-02
38.1          	4.272202e-02
38.15         	4.272362e-02
38.2          	4.272057e-02
38.25         	4.271375e-02
38.3          	4.270404e-02
38.35         	4.269833e-02
38.4          	4.268495e-02
38.45         	4.267028e-02
38.5          	4.265433e-02
38.55         	4.263712e-02
38.6          	4.261783e-02
38.65         	4.259621e-02
38.7          	4.257248e-02
38.75         	4.254552e-02
38.8          	4.251576e-02
38.85         	4.247444e-02
38.9          	4.242549e-02
38.95         	4.236797e-02
39            	4.230221e-02
39.05         	4.222990e-02
39.1          	4.215442e-02
39.15         	4.208213e-02
39.2          	4.201964e-02
39.25         	4.197577e-02
39.3          	4.194556e-02
39.35         	4.193737e-02
39.4          	4.195251e-02
39.45         	4.198724e-02
39.5          	4.203607e-02
39.55         	4.209327e-02
39.6          	4.215319e-02
39.65         	4.221143e-02
39.7          	4.226419e-02
39.75         	4.230824e-02
39.8          	4.234141e-02
39.85         	4.236285e-02
39.9          	4.237289e-02
39.95         	4.237316e-02
40            	4.236579e-02
40.05         	4.235042e-02
40.1          	4.232840e-02
40.15         	4.229986e-02
40.2          	4.227153e-02
40.25         	4.223159e-02
40.3          	4.218811e-02
40.35         	4.214331e-02
40.4          	4.210007e-02
40.45         	4.206103e-02
40.5          	4.202705e-02
40.55         	4.199881e-02
40.6          	4.197574e-02
40.65         	4.195676e-02
40.7          	4.194197e-02
40.75         	4.193067e-02
40.8          	4.192231e-02
40.85         	4.191754e-02
40.9          	4.191525e-02
40.95         	4.191635e-02
41            	4.192204e-02
41.05         	4.193150e-02
41.1          	4.194310e-02
41.15         	4.195721e-02
41.2          	4.197319e-02
41.25         	4.199149e-02
41.3          	4.201165e-02
41.35         	4.203433e-02
41.4          	4.206093e-02
41.45         	4.209234e-02
41.5          	4.212926e-02
41.55         	4.217161e-02
41.6          	4.221851e-02
41.65         	4.226881e-02
41.7          	4.232083e-02
41.75         	4.237262e-02
41.8          	4.242309e-02
41.85         	4.247092e-02
41.9          	4.251699e-02
41.95         	4.255859e-02
42            	4.259520e-02
42.05         	4.262934e-02
42.1          	4.265978e-02
42.15         	4.268618e-02
42.2          	4.270606e-02
42.25         	4.272060e-02
42.3          	4.272861e-02
42.35         	4.273218e-02
42.4          	4.273060e-02
42.45         	4.272292e-02
42.5          	4.270789e-02
42.55         	4.268404e-02
42.6          	4.264882e-02
42.65         	4.259933e-02
42.7          	4.253404e-02
42.75         	4.245342e-02
42.8          	4.236038e-02
42.85         	4.226268e-02
42.9          	4.217242e-02
42.95         	4.210709e-02
43            	4.207360e-02
43.05         	4.206701e-02
43.1          	4.207919e-02
43.15         	4.210269e-02
43.2          	4.213402e-02
43.25         	4.217009e-02
43.3          	4.220857e-02
43.35         	4.224760e-02
43.4          	4.228621e-02
43.45         	4.232319e-02
43.5          	4.235761e-02
43.55         	4.238993e-02
43.6          	4.243284e-02
43.65         	4.246127e-02
43.7          	4.248743e-02
43.75         	4.251106e-02
43.8          	4.253163e-02
43.85         	4.254859e-02
43.9          	4.256136e-02
43.95         	4.256945e-02
44            	4.257340e-02
44.05         	4.257454e-02
44.1          	4.257244e-02
44.15         	4.256781e-02
44.2          	4.255728e-02
44.25         	4.254381e-02
44.3          	4.252908e-02
44.35         	4.250725e-02
44.4          	4.247893e-02
44.45         	4.244489e-02
44.5          	4.240144e-02
44.55         	4.235503e-02
44.6          	4.228640e-02
44.65         	4.220462e-02
44.7          	4.211455e-02
44.75         	4.202262e-02
44.8          	4.193580e-02
44.85         	4.186442e-02
44.9          	4.181979e-02
44.95         	4.179700e-02
45            	4.179188e-02
45.05         	4.179541e-02
45.1          	4.180454e-02
45.15         	4.181796e-02
45.2          	4.183561e-02
45.25         	4.185788e-02
45.3          	4.188449e-02
45.35         	4.191430e-02
45.4          	4.194713e-02
45.45         	4.198318e-02
45.5          	4.202294e-02
45.55         	4.206650e-02
45.6          	4.211388e-02
45.65         	4.216538e-02
45.7          	4.222110e-02
45.75         	4.228063e-02
45.8          	4.234312e-02
45.85         	4.240714e-02
45.9          	4.247122e-02
45.95         	4.253632e-02
46            	4.259660e-02
46.05         	4.265296e-02
46.1          	4.270555e-02
46.15         	4.275509e-02
46.2          	4.280215e-02
46.25         	4.284649e-02
46.3          	4.288800e-02
46.35         	4.292759e-02
46.4          	4.296456e-02
46.45         	4.299791e-02
46.5          	4.302473e-02
46.55         	4.304357e-02
46.6          	4.305940e-02
46.65         	4.305861e-02
46.7          	4.304737e-02
46.75         	4.302733e-02
46.8          	4.300095e-02
46.85         	4.297023e-02
46.9          	4.294890e-02
46.95         	4.292042e-02
47            	4.289750e-02
47.05         	4.288078e-02
47.1          	4.286761e-02
47.15         	4.285424e-02
47.2          	4.283751e-02
47.25         	4.281492e-02
47.3          	4.278619e-02
47.35         	4.275188e-02
47.4          	4.271288e-02
47.45         	4.267540e-02
47.5          	4.263153e-02
47.55         	4.258810e-02
47.6          	4.254723e-02
47.65         	4.251068e-02
47.7          	4.247946e-02
47.75         	4.245371e-02
47.8          	4.243250e-02
47.85         	4.241532e-02
47.9          	4.240223e-02
47.95         	4.239328e-02
48            	4.239122e-02
48.05         	4.239203e-02
48.1          	4.239882e-02
48.15         	4.241128e-02
48.2          	4.242870e-02
48.25         	4.245101e-02
48.3          	4.247563e-02
48.35         	4.250244e-02
48.4          	4.253081e-02
48.45         	4.256028e-02
48.5          	4.259038e-02
48.55         	4.262073e-02
48.6          	4.265159e-02
48.65         	4.268214e-02
48.7          	4.271282e-02
48.75         	4.274347e-02
48.8          	4.277396e-02
48.85         	4.280407e-02
48.9          	4.283333e-02
48.95         	4.286093e-02
49            	4.288587e-02
49.05         	4.290707e-02
49.1          	4.292350e-02
49.15         	4.293421e-02
49.2          	4.293891e-02
49.25         	4.293777e-02
49.3          	4.293125e-02
49.35         	4.292010e-02
49.4          	4.290495e-02
49.45         	4.288675e-02
49.5          	4.286649e-02
49.55         	4.284473e-02
49.6          	4.282479e-02
49.65         	4.280114e-02
49.7          	4.277698e-02
49.75         	4.275271e-02
49.8          	4.272867e-02
49.85         	4.270554e-02
49.9          	4.268414e-02
49.95         	4.266527e-02
50            	4.264976e-02
50.05         	4.263825e-02
50.1          	4.263095e-02
50.15         	4.262771e-02
50.2          	4.262821e-02
50.25         	4.263194e-02
50.3          	4.263832e-02
50.35         	4.264855e-02
50.4          	4.265824e-02
50.45         	4.266864e-02
50.5          	4.267912e-02
50.55         	4.268923e-02
50.6          	4.270529e-02
50.65         	4.271377e-02
50.7          	4.272116e-02
50.75         	4.272731e-02
50.8          	4.273212e-02
50.85         	4.273497e-02
50.9          	4.273550e-02
50.95         	4.273315e-02
51            	4.272729e-02
51.05         	4.271731e-02
51.1          	4.274516e-02
51.15         	4.272576e-02
51.2          	4.270165e-02
51.25         	4.267321e-02
51.3          	4.264118e-02
51.35         	4.260649e-02
51.4          	4.257034e-02
51.45         	4.254279e-02
51.5          	4.250797e-02
51.55         	4.247644e-02
51.6          	4.244969e-02
51.65         	4.242849e-02
51.7          	4.241320e-02
51.75         	4.240403e-02
51.8          	4.240103e-02
51.85         	4.240389e-02
51.9          	4.241171e-02
51.95         	4.242373e-02
52            	4.244012e-02
52.05         	4.246138e-02
52.1          	4.248778e-02
52.15         	4.251865e-02
52.2          	4.255235e-02
52.25         	4.258662e-02
52.3          	4.261897e-02
52.35         	4.264703e-02
52.4          	4.266911e-02
52.45         	4.268456e-02
52.5          	4.269368e-02
52.55         	4.269729e-02
52.6          	4.269665e-02
52.65         	4.269279e-02
52.7          	4.268715e-02
52.75         	4.268093e-02
52.8          	4.267513e-02
52.85         	4.267043e-02
52.9          	4.266614e-02
52.95         	4.266231e-02
53            	4.265853e-02
53.05         	4.265402e-02
53.1          	4.271892e-02
53.15         	4.270997e-02
53.2          	4.269660e-02
53.25         	4.267681e-02
53.3          	4.264984e-02
53.35         	4.261600e-02
53.4          	4.257865e-02
53.45         	4.253409e-02
53.5          	4.248661e-02
53.55         	4.243747e-02
53.6          	4.239344e-02
53.65         	4.234567e-02
53.7          	4.230069e-02
53.75         	4.225975e-02
53.8          	4.222401e-02
53.85         	4.219476e-02
53.9          	4.217297e-02
53.95         	4.215906e-02
54            	4.215289e-02
54.05         	4.215425e-02
54.1          	4.216329e-02
54.15         	4.217981e-02
54.2          	4.220369e-02
54.25         	4.223425e-02
54.3          	4.227052e-02
54.35         	4.231099e-02
54.4          	4.235508e-02
54.45         	4.240297e-02
54.5          	4.245354e-02
54.55         	4.250692e-02
54.6          	4.256349e-02
54.65         	4.262320e-02
54.7          	4.268610e-02
54.75         	4.275177e-02
54.8          	4.281885e-02
54.85         	4.288608e-02
54.9          	4.295203e-02
54.95         	4.301523e-02
55            	4.307348e-02
55.05         	4.312448e-02
55.1          	4.316645e-02
55.15         	4.319876e-02
55.2          	4.322207e-02
55.25         	4.323778e-02
55.3          	4.324722e-02
55.35         	4.325157e-02
55.4          	4.325082e-02
55.45         	4.324348e-02
55.5          	4.322718e-02
55.55         	4.320043e-02
55.6          	4.316276e-02
55.65         	4.311511e-02
55.7          	4.305986e-02
55.75         	4.299936e-02
55.8          	4.293603e-02
55.85         	4.287237e-02
55.9          	4.281107e-02
55.95         	4.275393e-02
56            	4.270314e-02
56.05         	4.265949e-02
56.1          	4.262455e-02
56.15         	4.259670e-02
56.2          	4.257492e-02
56.25         	4.255698e-02
56.3          	4.254173e-02
56.35         	4.252848e-02
56.4          	4.251801e-02
56.45         	4.251039e-02
56.5          	4.250551e-02
56.55         	4.250269e-02
56.6          	4.250289e-02
56.65         	4.250680e-02
56.7          	4.251441e-02
56.75         	4.252556e-02
56.8          	4.253975e-02
56.85         	4.255606e-02
56.9          	4.257343e-02
56.95         	4.259103e-02
57            	4.260839e-02
57.05         	4.262520e-02
57.1          	4.264131e-02
57.15         	4.265674e-02
57.2          	4.267141e-02
57.25         	4.268499e-02
57.3          	4.269677e-02
57.35         	4.270587e-02
57.4          	4.271138e-02
57.45         	4.271300e-02
57.5          	4.271005e-02
57.55         	4.270371e-02
57.6          	4.269538e-02
57.65         	4.268774e-02
57.7          	4.268033e-02
57.75         	4.267491e-02
57.8          	4.267172e-02
57.85         	4.267230e-02
57.9          	4.267319e-02
57.95         	4.267599e-02
58            	4.268032e-02
58.05         	4.268546e-02
58.1          	4.269090e-02
58.15         	4.269631e-02
58.2          	4.270103e-02
58.25         	4.270426e-02
58.3          	4.270572e-02
58.35         	4.270501e-02
58.4          	4.270122e-02
58.45         	4.269366e-02
58.5          	4.268191e-02
58.55         	4.266617e-02
58.6          	4.264748e-02
58.65         	4.262757e-02
58.7          	4.260852e-02
58.75         	4.259182e-02
58.8          	4.257730e-02
58.85         	4.256506e-02
58.9          	4.255454e-02
58.95         	4.254485e-02
59            	4.253456e-02
59.05         	4.252203e-02
59.1          	4.250602e-02
59.15         	4.248530e-02
59.2          	4.245976e-02
59.25         	4.243013e-02
59.3          	4.239767e-02
59.35         	4.236310e-02
59.4          	4.232757e-02
59.45         	4.229311e-02
59.5          	4.226068e-02
59.55         	4.223010e-02
59.6          	4.220106e-02
59.65         	4.217349e-02
59.7          	4.214715e-02
59.75         	4.212196e-02
59.8          	4.209872e-02
59.85         	4.207628e-02
59.9          	4.205470e-02
59.95         	4.203389e-02
60            	4.201415e-02
60.05         	4.199589e-02
60.1          	4.197953e-02
60.15         	4.196536e-02
60.2          	4.195357e-02
60.25         	4.194512e-02
60.3          	4.194109e-02
60.35         	4.194247e-02
60.4          	4.195001e-02
60.45         	4.196336e-02
60.5          	4.198189e-02
60.55         	4.200417e-02
60.6          	4.202901e-02
60.65         	4.205517e-02
60.7          	4.208139e-02
60.75         	4.210635e-02
60.8          	4.213097e-02
60.85         	4.215635e-02
60.9          	4.218377e-02
60.95         	4.221234e-02
61            	4.224174e-02
61.05         	4.227325e-02
61.1          	4.230706e-02
61.15         	4.234308e-02
61.2          	4.238114e-02
61.25         	4.242088e-02
61.3          	4.246200e-02
61.35         	4.250426e-02
61.4          	4.254732e-02
61.45         	4.259073e-02
61.5          	4.263381e-02
61.55         	4.267574e-02
61.6          	4.271564e-02
61.65         	4.275230e-02
61.7          	4.278465e-02
61.75         	4.281202e-02
61.8          	4.283415e-02
61.85         	4.285104e-02
61.9          	4.286320e-02
61.95         	4.287116e-02
62            	4.287525e-02
62.05         	4.287535e-02
62.1          	4.287082e-02
62.15         	4.286046e-02
62.2          	4.284572e-02
62.25         	4.281894e-02
62.3          	4.278254e-02
62.35         	4.273724e-02
62.4          	4.268487e-02
62.45         	4.262812e-02
62.5          	4.256902e-02
62.55         	4.251005e-02
62.6          	4.245302e-02
62.65         	4.239939e-02
62.7          	4.235022e-02
62.75         	4.230661e-02
62.8          	4.226951e-02
62.85         	4.223944e-02
62.9          	4.221648e-02
62.95         	4.220013e-02
63            	4.218943e-02
63.05         	4.218317e-02
63.1          	4.217995e-02
63.15         	4.217826e-02
63.2          	4.217689e-02
63.25         	4.217507e-02
63.3          	4.217143e-02
63.35         	4.216561e-02
63.4          	4.215751e-02
63.45         	4.214711e-02
63.5          	4.213441e-02
63.55         	4.212004e-02
63.6          	4.210316e-02
63.65         	4.208437e-02
63.7          	4.206385e-02
63.75         	4.204165e-02
63.8          	4.201766e-02
63.85         	4.200548e-02
63.9          	4.197746e-02
63.95         	4.194733e-02
64            	4.191536e-02
64.05         	4.188128e-02
64.1          	4.184339e-02
64.15         	4.179973e-02
64.2          	4.174828e-02
64.25         	4.169187e-02
64.3          	4.163672e-02
64.35         	4.159370e-02
64.4          	4.157869e-02
64.45         	4.159422e-02
64.5          	4.163224e-02
64.55         	4.168258e-02
64.6          	4.173908e-02
64.65         	4.180116e-02
64.7          	4.186768e-02
64.75         	4.193708e-02
64.8          	4.200791e-02
64.85         	4.207907e-02
64.9          	4.214959e-02
64.95         	4.221863e-02
65            	4.228543e-02
65.05         	4.234928e-02
65.1          	4.240944e-02
65.15         	4.246520e-02
65.2          	4.251574e-02
65.25         	4.256035e-02
65.3          	4.259869e-02
65.35         	4.263104e-02
65.4          	4.265823e-02
65.45         	4.268165e-02
65.5          	4.270313e-02
65.55         	4.272403e-02
65.6          	4.274528e-02
65.65         	4.276760e-02
65.7          	4.279254e-02
65.75         	4.281601e-02
65.8          	4.283976e-02
65.85         	4.286363e-02
65.9          	4.288640e-02
65.95         	4.290587e-02
66            	4.292090e-02
66.05         	4.293167e-02
66.1          	4.293695e-02
66.15         	4.293634e-02
66.2          	4.292813e-02
66.25         	4.291288e-02
66.3          	4.289182e-02
66.35         	4.286628e-02
66.4          	4.283700e-02
66.45         	4.280447e-02
66.5          	4.276779e-02
66.55         	4.272688e-02
66.6          	4.268150e-02
66.65         	4.263150e-02
66.7          	4.257731e-02
66.75         	4.253398e-02
66.8          	4.247544e-02
66.85         	4.241827e-02
66.9          	4.236317e-02
66.95         	4.231251e-02
67            	4.226790e-02
67.05         	4.223032e-02
67.1          	4.220032e-02
67.15         	4.217768e-02
67.2          	4.216178e-02
67.25         	4.215170e-02
67.3          	4.214651e-02
67.35         	4.214562e-02
67.4          	4.214848e-02
67.45         	4.215438e-02
67.5          	4.216297e-02
67.55         	4.217728e-02
67.6          	4.219286e-02
67.65         	4.221211e-02
67.7          	4.223575e-02
67.75         	4.226486e-02
67.8          	4.229923e-02
67.85         	4.233767e-02
67.9          	4.237886e-02
67.95         	4.242250e-02
68            	4.246989e-02
68.05         	4.253786e-02
68.1          	4.259385e-02
68.15         	4.265324e-02
68.2          	4.271506e-02
68.25         	4.277767e-02
68.3          	4.283934e-02
68.35         	4.289850e-02
68.4          	4.295384e-02
68.45         	4.300424e-02
68.5          	4.304825e-02
68.55         	4.308483e-02
68.6          	4.311300e-02
68.65         	4.313180e-02
68.7          	4.314041e-02
68.75         	4.314005e-02
68.8          	4.312709e-02
68.85         	4.310343e-02
68.9          	4.306984e-02
68.95         	4.302778e-02
69            	4.297936e-02
69.05         	4.292706e-02
69.1          	4.287368e-02
69.15         	4.282195e-02
69.2          	4.277375e-02
69.25         	4.273062e-02
69.3          	4.269341e-02
69.35         	4.266224e-02
69.4          	4.263666e-02
69.45         	4.261606e-02
69.5          	4.259987e-02
69.55         	4.258788e-02
69.6          	4.258012e-02
69.65         	4.257613e-02
69.7          	4.257548e-02
69.75         	4.257740e-02
69.8          	4.258090e-02
69.85         	4.258510e-02
69.9          	4.258925e-02
69.95         	4.259284e-02
70            	4.259573e-02
70.05         	4.259765e-02
70.1          	4.259931e-02
70.15         	4.260081e-02
70.2          	4.260257e-02
70.25         	4.260519e-02
70.3          	4.260984e-02
70.35         	4.261541e-02
70.4          	4.262047e-02
70.45         	4.262412e-02
70.5          	4.262544e-02
70.55         	4.262172e-02
70.6          	4.260955e-02
70.65         	4.258570e-02
70.7          	4.255140e-02
70.75         	4.251283e-02
70.8          	4.247912e-02
70.85         	4.245772e-02
70.9          	4.245137e-02
70.95         	4.245847e-02
71            	4.247944e-02
71.05         	4.250630e-02
71.1          	4.254031e-02
71.15         	4.257978e-02
71.2          	4.262259e-02
71.25         	4.266707e-02
71.3          	4.271171e-02
71.35         	4.275511e-02
71.4          	4.279555e-02
71.45         	4.283116e-02
71.5          	4.286020e-02
71.55         	4.288199e-02
71.6          	4.289632e-02
71.65         	4.290289e-02
71.7          	4.290148e-02
71.75         	4.289232e-02
71.8          	4.287616e-02
71.85         	4.285437e-02
71.9          	4.282845e-02
71.95         	4.280058e-02
72            	4.277234e-02
72.05         	4.274537e-02
72.1          	4.272302e-02
72.15         	4.270595e-02
72.2          	4.269461e-02
72.25         	4.268382e-02
72.3          	4.266876e-02
72.35         	4.265167e-02
72.4          	4.262974e-02
72.45         	4.259939e-02
72.5          	4.256233e-02
72.55         	4.252113e-02
72.6          	4.247818e-02
72.65         	4.243478e-02
72.7          	4.239190e-02
72.75         	4.235082e-02
72.8          	4.231274e-02
72.85         	4.227790e-02
72.9          	4.224841e-02
72.95         	4.222629e-02
73            	4.221262e-02
73.05         	4.220852e-02
73.1          	4.221518e-02
73.15         	4.223245e-02
73.2          	4.225852e-02
73.25         	4.229171e-02
73.3          	4.232995e-02
73.35         	4.237124e-02
73.4          	4.241415e-02
73.45         	4.245760e-02
73.5          	4.250059e-02
73.55         	4.254244e-02
73.6          	4.258238e-02
73.65         	4.261951e-02
73.7          	4.265329e-02
73.75         	4.268255e-02
73.8          	4.270727e-02
73.85         	4.272737e-02
73.9          	4.274295e-02
73.95         	4.275421e-02
74            	4.276152e-02
74.05         	4.278861e-02
74.1          	4.278977e-02
74.15         	4.278898e-02
74.2          	4.278706e-02
74.25         	4.278475e-02
74.3          	4.278247e-02
74.35         	4.278008e-02
74.4          	4.277670e-02
74.45         	4.277083e-02
74.5          	4.276409e-02
74.55         	4.274956e-02
74.6          	4.273079e-02
74.65         	4.270915e-02
74.7          	4.268650e-02
74.75         	4.266485e-02
74.8          	4.264640e-02
74.85         	4.263084e-02
74.9          	4.261820e-02
74.95         	4.260710e-02
75            	4.259559e-02
75.05         	4.258125e-02
75.1          	4.257103e-02
75.15         	4.254535e-02
75.2          	4.251385e-02
75.25         	4.247853e-02
75.3          	4.244288e-02
75.35         	4.241069e-02
75.4          	4.238496e-02
75.45         	4.236746e-02
75.5          	4.235870e-02
75.55         	4.235726e-02
75.6          	4.235981e-02
75.65         	4.236246e-02
75.7          	4.236235e-02
75.75         	4.235826e-02
75.8          	4.235040e-02
75.85         	4.233958e-02
75.9          	4.232675e-02
75.95         	4.231325e-02
76            	4.229808e-02
76.05         	4.228219e-02
76.1          	4.226607e-02
76.15         	4.225059e-02
76.2          	4.223718e-02
76.25         	4.222768e-02
76.3          	4.222148e-02
76.35         	4.221891e-02
76.4          	4.221920e-02
76.45         	4.222157e-02
76.5          	4.222541e-02
76.55         	4.223046e-02
76.6          	4.223654e-02
76.65         	4.224373e-02
76.7          	4.225340e-02
76.75         	4.226284e-02
76.8          	4.227325e-02
76.85         	4.228413e-02
76.9          	4.229992e-02
76.95         	4.231079e-02
77            	4.232137e-02
77.05         	4.233398e-02
77.1          	4.234419e-02
77.15         	4.235459e-02
77.2          	4.236567e-02
77.25         	4.237775e-02
77.3          	4.239075e-02
77.35         	4.240470e-02
77.4          	4.241975e-02
77.45         	4.243607e-02
77.5          	4.245287e-02
77.55         	4.246995e-02
77.6          	4.248705e-02
77.65         	4.250412e-02
77.7          	4.252135e-02
77.75         	4.253890e-02
77.8          	4.255680e-02
77.85         	4.257477e-02
77.9          	4.259250e-02
77.95         	4.260963e-02
78            	4.262525e-02
78.05         	4.264026e-02
78.1          	4.265519e-02
78.15         	4.266591e-02
78.2          	4.267544e-02
78.25         	4.268428e-02
78.3          	4.268866e-02
78.35         	4.268560e-02
78.4          	4.267452e-02
78.45         	4.265704e-02
78.5          	4.263571e-02
78.55         	4.261414e-02
78.6          	4.259238e-02
78.65         	4.257200e-02
78.7          	4.255368e-02
78.75         	4.253780e-02
78.8          	4.252425e-02
78.85         	4.251290e-02
78.9          	4.250304e-02
78.95         	4.249490e-02
79            	4.248846e-02
79.05         	4.248410e-02
79.1          	4.248207e-02
79.15         	4.248310e-02
79.2          	4.248777e-02
79.25         	4.249653e-02
79.3          	4.250954e-02
79.35         	4.252665e-02
79.4          	4.254753e-02
79.45         	4.257183e-02
79.5          	4.259811e-02
79.55         	4.262564e-02
79.6          	4.265357e-02
79.65         	4.268110e-02
79.7          	4.270759e-02
79.75         	4.273274e-02
79.8          	4.275640e-02
79.85         	4.277862e-02
79.9          	4.279974e-02
79.95         	4.281982e-02
80            	4.283914e-02
80.05         	4.285780e-02
80.1          	4.287580e-02
80.15         	4.289298e-02
80.2          	4.290854e-02
80.25         	4.292165e-02
80.3          	4.293139e-02
80.35         	4.293625e-02
80.4          	4.293455e-02
80.45         	4.292450e-02
80.5          	4.290529e-02
80.55         	4.287735e-02
80.6          	4.284204e-02
80.65         	4.280131e-02
80.7          	4.275705e-02
80.75         	4.271289e-02
80.8          	4.266591e-02
80.85         	4.261941e-02
80.9          	4.257479e-02
80.95         	4.253360e-02
81            	4.249630e-02
81.05         	4.246320e-02
81.1          	4.243373e-02
81.15         	4.240681e-02
81.2          	4.238090e-02
81.25         	4.235429e-02
81.3          	4.232624e-02
81.35         	4.229736e-02
81.4          	4.226748e-02
81.45         	4.223694e-02
81.5          	4.220570e-02
81.55         	4.217423e-02
81.6          	4.214386e-02
81.65         	4.211383e-02
81.7          	4.208521e-02
81.75         	4.205841e-02
81.8          	4.203414e-02
81.85         	4.201454e-02
81.9          	4.199635e-02
81.95         	4.198062e-02
82            	4.196671e-02
82.05         	4.195386e-02
82.1          	4.194169e-02
82.15         	4.192987e-02
82.2          	4.191866e-02
82.25         	4.190779e-02
82.3          	4.189756e-02
82.35         	4.188803e-02
82.4          	4.187910e-02
82.45         	4.187070e-02
82.5          	4.186265e-02
82.55         	4.185459e-02
82.6          	4.184711e-02
82.65         	4.183831e-02
82.7          	4.182889e-02
82.75         	4.181939e-02
82.8          	4.180930e-02
82.85         	4.179787e-02
82.9          	4.178480e-02
82.95         	4.176943e-02
83            	4.175147e-02
83.05         	4.173042e-02
83.1          	4.170619e-02
83.15         	4.167912e-02
83.2          	4.164934e-02
83.25         	4.161802e-02
83.3          	4.158666e-02
83.35         	4.155485e-02
83.4          	4.152452e-02
83.45         	4.149448e-02
83.5          	4.146461e-02
83.55         	4.143450e-02
83.6          	4.140413e-02
83.65         	4.137668e-02
83.7          	4.135562e-02
83.75         	4.134145e-02
83.8          	4.133535e-02
83.85         	4.133540e-02
83.9          	4.133902e-02
83.95         	4.134514e-02
84            	4.135332e-02
84.05         	4.136331e-02
84.1          	4.137463e-02
84.15         	4.138753e-02
84.2          	4.140166e-02
84.25         	4.141655e-02
84.3          	4.143165e-02
84.35         	4.144588e-02
84.4          	4.145691e-02
84.45         	4.146290e-02
84.5          	4.146198e-02
84.55         	4.145559e-02
84.6          	4.144722e-02
84.65         	4.144062e-02
84.7          	4.143807e-02
84.75         	4.144056e-02
84.8          	4.144860e-02
84.85         	4.146241e-02
84.9          	4.148211e-02
84.95         	4.150785e-02
85            	4.153950e-02
85.05         	4.157651e-02
85.1          	4.161802e-02
85.15         	4.166313e-02
85.2          	4.171085e-02
85.25         	4.176151e-02
85.3          	4.181239e-02
85.35         	4.186444e-02
85.4          	4.191714e-02
85.45         	4.196976e-02
85.5          	4.202090e-02
85.55         	4.207017e-02
85.6          	4.211723e-02
85.65         	4.216892e-02
85.7          	4.221075e-02
85.75         	4.225033e-02
85.8          	4.228798e-02
85.85         	4.232463e-02
85.9          	4.236155e-02
85.95         	4.239606e-02
86            	4.242679e-02
86.05         	4.245648e-02
86.1          	4.249355e-02
86.15         	4.252142e-02
86.2          	4.254658e-02
86.25         	4.256987e-02
86.3          	4.259350e-02
86.35         	4.261424e-02
86.4          	4.263210e-02
86.45         	4.264802e-02
86.5          	4.266317e-02
86.55         	4.267558e-02
86.6          	4.268649e-02
86.65         	4.269557e-02
86.7          	4.270249e-02
86.75         	4.270688e-02
86.8          	4.270932e-02
86.85         	4.270908e-02
86.9          	4.270705e-02
86.95         	4.270366e-02
87            	4.269812e-02
87.05         	4.269066e-02
87.1          	4.268125e-02
87.15         	4.266974e-02
87.2          	4.265593e-02
87.25         	4.263965e-02
87.3          	4.262010e-02
87.35         	4.259740e-02
87.4          	4.257131e-02
87.45         	4.254173e-02
87.5          	4.250880e-02
87.55         	4.247305e-02
87.6          	4.243525e-02
87.65         	4.239659e-02
87.7          	4.235870e-02
87.75         	4.232223e-02
87.8          	4.228562e-02
87.85         	4.224471e-02
87.9          	4.219487e-02
87.95         	4.214054e-02
88            	4.207419e-02
88.05         	4.201111e-02
88.1          	4.195994e-02
88.15         	4.192468e-02
88.2          	4.190591e-02
88.25         	4.190064e-02
88.3          	4.190642e-02
88.35         	4.192117e-02
88.4          	4.194392e-02
88.45         	4.197315e-02
88.5          	4.200727e-02
88.55         	4.204557e-02
88.6          	4.208745e-02
88.65         	4.213150e-02
88.7          	4.217638e-02
88.75         	4.222072e-02
88.8          	4.226417e-02
88.85         	4.230868e-02
88.9          	4.235012e-02
88.95         	4.238985e-02
89            	4.242745e-02
89.05         	4.246264e-02
89.1          	4.249599e-02
89.15         	4.252762e-02
89.2          	4.255826e-02
89.25         	4.258895e-02
89.3          	4.261943e-02
89.35         	4.265007e-02
89.4          	4.268148e-02
89.45         	4.271049e-02
89.5          	4.273992e-02
89.55         	4.276686e-02
89.6          	4.279131e-02
89.65         	4.281223e-02
89.7          	4.282869e-02
89.75         	4.284171e-02
89.8          	4.285195e-02
89.85         	4.285921e-02
89.9          	4.286406e-02
89.95         	4.286281e-02
90            	4.285371e-02
